key	reg	target	all.pearson	all.pearson.pvalue	nonresp.pearson	nonresp.pearson.pvalue	respond.pearson	respond.pearson.pvalue	all.spearman	all.spearman.pvalue	nonresp.spearman	nonresp.spearman.pvalue	respond.spearman	respond.spearman.pvalue	support	chip.evidence	num.chip.peaks	all.weights	nonresp.weights	respond.weights
g1189||NKX6-1	NKX6-1	g1189	0.323457884959621	0.028325821004097	0.0306030048873841	0.907181176015927	0.40842627687695	0.0278328677460302	0.220351526364477	0.140875777485563	-0.132352941176471	0.611953473917796	0.469950738916256	0.0108275519842633	0	0	0	0	0	0
g1310||NKX6-1	NKX6-1	g1310	0.22413119701874	0.134283768019314	0.0522299880958834	0.842199004226447	0.297973263810691	0.116425334063704	0.268948504471169	0.0709414286118267	-0.0367647058823529	0.890954565485626	0.410344827586207	0.0279118912152533	0	0	0	0	0	0
g602||NKX6-1	NKX6-1	g602	0.745685837632744	2.75009254392656e-09	0.960057247212037	1.05929835372772e-09	0.615282161007954	0.000381921467421746	0.636632747456059	3.52275943551938e-06	0.857843137254902	0	0.527586206896552	0.00371404646024813	0	0	0	0	0	0
g603||NKX6-1	NKX6-1	g603	0.355067023614076	0.0154614094827483	0.0408258789915298	0.876370690635079	0.581031495803406	0.00094933418312083	0.417576318223867	0.00416505769041232	0.0465686274509804	0.861126110035359	0.707881773399015	2.8904882949764e-05	0	0	0	0	0	0
g605||NKX6-1	NKX6-1	g605	0.437601797978642	0.00235593727809057	0.0602772504556694	0.818241641689407	0.665610067475892	8.13675539134025e-05	0.467530064754857	0.00118973842701779	0.0637254901960784	0.809389056534401	0.608866995073892	0.000590305060829014	0	0	0	0	0	0
g606||NKX6-1	NKX6-1	g606	0.428954771924091	0.00293449963049049	-0.0825272607914779	0.752846765123225	0.745941033627324	3.40635897328084e-06	0.519087264878199	0.000267844126765405	-0.0833333333333333	0.751205676294256	0.824137931034483	1.20806686140924e-06	0	0	0	0	0	0
g607||NKX6-1	NKX6-1	g607	0.468459401935056	0.00102552345530015	0.0948451640039294	0.717286413517223	0.731828280071401	6.44214480211762e-06	0.470983657107616	0.00108380795521895	0.205882352941176	0.426417271161064	0.660098522167488	0.000141541002026561	0	0	0	0	0	0
g608||NKX6-1	NKX6-1	g608	0.522016007630308	0.000198596845362268	0.145698083891362	0.576869689094257	0.752531735032647	2.49388886998356e-06	0.513783533765032	0.000315465300697839	0.166666666666667	0.521379269323577	0.733004926108374	1.13307636108913e-05	0	0	0	0	0	0
g609||NKX6-1	NKX6-1	g609	0.276509395975017	0.0628546346404839	0.0652391454992921	0.803543767123405	0.408200894783637	0.0279275804429628	0.221461609620722	0.138846653826195	0.0490196078431373	0.853696049975753	0.317733990147783	0.0933479746856269	0	0	0	0	0	0
g610||NKX6-1	NKX6-1	g610	0.374924980537704	0.010249767458924	-0.0788855906225825	0.763454024929839	0.655831040270436	0.000112332030034547	0.413506012950971	0.00457841225162892	-0.0245098039215686	0.928437975261992	0.712807881773399	2.41629485650959e-05	0	0	0	0	0	0
g611||NKX6-1	NKX6-1	g611	0.308791855004582	0.0367959118773813	0.0611504757751511	0.815650721985578	0.478434811563107	0.00865645629426958	0.342337341967314	0.020342046221549	0.132352941176471	0.611953473917796	0.390147783251231	0.0372587027681966	0	0	0	0	0	0
g612||NKX6-1	NKX6-1	g612	0.403090340348588	0.0054766774373764	0.0730504162406482	0.780532947243319	0.620229499590101	0.000331931540546626	0.367869256860931	0.0123264059688658	0.100490196078431	0.701339321483756	0.521182266009852	0.00421846853611116	0	0	0	0	0	0
g613||NKX6-1	NKX6-1	g613	0.427329211742802	0.00305625082206426	-0.0387696783056801	0.882555732586085	0.710804599634446	1.55280045233655e-05	0.454332408263953	0.00168524313120516	-0.102941176470588	0.694306640386447	0.682758620689655	6.89506125169071e-05	0	0	0	0	0	0
g615||NKX6-1	NKX6-1	g615	0.449441168224079	0.00172788242064492	-0.00686141877432143	0.979149214971462	0.755150702131757	2.19739746560886e-06	0.334813444341659	0.0234171978410264	-0.169117647058824	0.515164256863485	0.568965517241379	0.00153912102972554	0	0	0	0	0	0
g616||NKX6-1	NKX6-1	g616	0.424254486492384	0.00329874951156994	0.0303790099616033	0.907857827849988	0.681233911237555	4.74098472800734e-05	0.319888991674376	0.0306865844060617	-0.323529411764706	0.204973096417061	0.596059113300493	0.000813420725541378	0	0	0	0	0	0
g617||NKX6-1	NKX6-1	g617	0.312910251817804	0.0342304277946174	-0.0207267766595177	0.93706671399945	0.511123892035251	0.0046028126653154	0.352328091273512	0.0167935359973412	-0.0955882352941177	0.715475623387515	0.546305418719212	0.0025256758385379	0	0	0	0	0	0
g618||NKX6-1	NKX6-1	g618	0.428434996804037	0.00297295669980734	0.198616294844107	0.444747250340358	0.560773131114712	0.00155440104267608	0.485661424606845	0.000721747466880666	0.112745098039216	0.666424281058544	0.589162561576355	0.000961616848652186	0	0	0	0	0	0
g619||NKX6-1	NKX6-1	g619	0.446518735514305	0.00186722452615027	-0.438178917140193	0.0785314138682993	0.58276768566594	0.000908693137082374	0.346284304656182	0.0188707346378309	-0.443627450980392	0.0761683611951501	0.544827586206896	0.00260569498568532	0	0	0	0	0	0
g620||NKX6-1	NKX6-1	g620	0.41305911013971	0.00433058902776738	-0.347506854462605	0.171713087673228	0.529669811439185	0.00312729626970121	0.448658649398705	0.00194973908331246	-0.595588235294118	0.0133112821022499	0.604433497536946	0.000660567022597264	0	0	0	0	0	0
g621||NKX6-1	NKX6-1	g621	0.549646005636768	7.60861620232233e-05	-0.0189804727226141	0.942360409838367	0.734104997272263	5.82840047704407e-06	0.504286154794943	0.000420300479142399	0.100490196078431	0.701339321483756	0.668472906403941	0.000109259675385995	0	0	0	0	0	0
g622||NKX6-1	NKX6-1	g622	0.545392712468883	8.86811817148699e-05	0.5649220324822	0.0181341248135584	0.698571898647967	2.50363489412938e-05	0.689793401171754	3.53648213815878e-07	0.656862745098039	0.0052295587598523	0.713793103448276	2.33050483905155e-05	0	0	0	0	0	0
g623||NKX6-1	NKX6-1	g623	0.32749091505462	0.0263044427145554	-0.201206010774611	0.438709550570767	0.439096578527253	0.0171693479637368	0.309907798722694	0.03608562314028	-0.431637113625295	0.0836200403878224	0.485221674876847	0.00828613376965922	0	0	0	0	0	0
g624||NKX6-1	NKX6-1	g624	0.427119861938092	0.00307224945207455	0.110193566015061	0.673741240325068	0.567070130415634	0.00133801206824836	0.354054887449892	0.0162371764513314	0.132352941176471	0.611953473917796	0.487684729064039	0.00792804787565576	0	0	0	0	0	0
g625||NKX6-1	NKX6-1	g625	0.429772452921203	0.00287488761552685	0.0656011545221486	0.802473814063918	0.565424439319216	0.00139186996969771	0.544619179771816	0.000117544543861767	0.230392156862745	0.372202001810954	0.642857142857143	0.000235473414383737	0	0	0	0	0	0
g626||NKX6-1	NKX6-1	g626	0.468252017159318	0.00103154180430909	0.0533777882069237	0.838773403368947	0.60607888060703	0.000492778367657036	0.443231575701511	0.00223670131826048	-0.218137254901961	0.398796167437171	0.57487684729064	0.0013451369155704	0	0	0	0	0	0
g628||NKX6-1	NKX6-1	g628	0.531557678368611	0.00014392833609986	0.365527082935372	0.149075983974855	0.693355617206325	3.04779709769915e-05	0.50958988590811	0.000358417493321595	0.612745098039216	0.0104240392435149	0.574384236453202	0.00136044661942443	0	0	0	0	0	0
g629||NKX6-1	NKX6-1	g629	0.49097777873095	0.000531255909173332	-0.16825065536844	0.518601753117993	0.637837207622403	0.000197540935247536	0.415972864631514	0.00432379557863821	-0.183823529411765	0.478639035066498	0.532019704433497	0.00339606708984016	0	0	0	0	0	0
g630||NKX6-1	NKX6-1	g630	0.549974346347722	7.51852476659453e-05	-0.174680639253858	0.502505807743485	0.71284513403159	1.4305135801289e-05	0.448658649398705	0.00194973908331246	-0.0416666666666667	0.876019904250764	0.610837438423645	0.000561235826180531	0	0	0	0	0	0
g631||NKX6-1	NKX6-1	g631	0.552342590869023	6.89699837829531e-05	0.0447448789849094	0.86460134901426	0.718119128641444	1.15347901054425e-05	0.503623300372044	0.000359837024453754	0.142244048808336	0.586030838730278	0.579310344827586	0.00121395554753202	0	0	0	0	0	0
g632||NKX6-1	NKX6-1	g632	0.572520361852871	3.21792687246192e-05	-0.148777469271986	0.568753649577151	0.751647422432624	2.60187541132359e-06	0.447301880974406	0.00201822231574682	-0.0637254901960784	0.809389056534401	0.704433497536946	3.27146597540487e-05	0	0	0	0	0	0
g633||NKX6-1	NKX6-1	g633	0.421229718387675	0.00355365180336281	0.0332582617718815	0.899164800159262	0.540145765773668	0.00248957129729311	0.368485969781067	0.0121726148324376	-0.0343137254901961	0.898435700733963	0.458620689655172	0.0131140443791744	0	0	0	0	0	0
g634||NKX6-1	NKX6-1	g634	0.549632246514649	7.61241289558509e-05	-0.225203691804583	0.38481718378407	0.719609972637019	1.08444728433364e-05	0.402898550724638	0.00582965838051987	-0.20343137254902	0.432062576349258	0.517241379310345	0.00455728787973238	0	0	0	0	0	0
g635||NKX6-1	NKX6-1	g635	0.54843150849292	7.95048005346676e-05	-0.15542481405557	0.551402893944096	0.720683722899289	1.03705286027082e-05	0.394017884674684	0.00709793607011343	-0.142156862745098	0.585424444638834	0.620689655172414	0.000433865944568053	0	0	0	0	0	0
g636||NKX6-1	NKX6-1	g636	0.477372521738856	0.000794710008094255	-0.00459002955206237	0.986050827649993	0.631006076926994	0.000242509944160395	0.459171087588486	0.00132806357342474	0.136196421541249	0.602214591679165	0.564039408866995	0.0017189019673873	0	0	0	0	0	0
g637||NKX6-1	NKX6-1	g637	0.294541572686164	0.0469197597115248	-0.378442789596208	0.134165834843354	0.373920531047903	0.0456948336972233	0.196916435399322	0.189052203133249	0.0318627450980392	0.905925223934364	0.316748768472906	0.0944107873511427	0	0	0	0	0	0
g638||NKX6-1	NKX6-1	g638	0.481479312289527	0.000704972361704908	0.0546009464088216	0.835125908569175	0.629073314405654	0.000256773772150926	0.508849830403947	0.000366525088703737	0.301470588235294	0.23896488058254	0.582266009852217	0.00113281964130661	0	0	0	0	0	0
g640||NKX6-1	NKX6-1	g640	0.538225864001881	0.000114267372675456	0.29597213681924	0.248726402338994	0.695816569712065	2.77912744003478e-05	0.489608387295714	0.0006451310656243	0.218137254901961	0.398796167437171	0.54679802955665	0.00249947951048495	0	0	0	0	0	0
g642||NKX6-1	NKX6-1	g642	0.550322003666016	7.42419489101605e-05	0.386117952266123	0.125812233908898	0.726948485791271	7.95768991294587e-06	0.54400246685168	0.000119992956820855	0.399509803921569	0.113219606617336	0.622167487684729	0.000417131023071301	0	0	0	0	0	0
g643||NKX6-1	NKX6-1	g643	0.457654253947423	0.00138438656737865	0.0463427790799118	0.859810192769154	0.613730737315672	0.000398906483505121	0.348257786000617	0.0181696762203351	-0.00735294117647059	0.981146015681787	0.41871921182266	0.0246495369080631	0	0	0	0	0	0
g644||NKX6-1	NKX6-1	g644	0.549248215486355	7.71908232522215e-05	0.489821852722106	0.0459508648227752	0.716575216121873	1.22910466907216e-05	0.583965464076472	2.91613265525808e-05	0.468137254901961	0.0599886765733457	0.620197044334975	0.000439573351654137	0	0	0	0	0	0
g645||NKX6-1	NKX6-1	g645	0.363743876351225	0.0129584002059737	0.245074816928915	0.343093836205699	0.479937789767192	0.0084196583069398	0.291026827012026	0.050112390215518	0.178921568627451	0.490666292162011	0.380788177339901	0.0423792425986852	0	0	0	0	0	0
g646||NKX6-1	NKX6-1	g646	0.480290863306498	0.000729957234033908	-0.226597847203103	0.381802779709728	0.612698492254752	0.000410572481840138	0.453715695343817	0.00171235236938362	-0.0955882352941177	0.715475623387515	0.648275862068965	0.000201334901690458	0	0	0	0	0	0
g647||NKX6-1	NKX6-1	g647	0.478143510959137	0.000777121422876151	0.175766059025506	0.49981229320458	0.609469729641478	0.000449023437038446	0.468393462843047	0.00116242083796108	0.112745098039216	0.666424281058544	0.55615763546798	0.00204451286263435	0	0	0	0	0	0
g648||NKX6-1	NKX6-1	g648	0.470696064546515	0.000962580035854045	0.175813810093275	0.499693954827775	0.61385806479794	0.000397487888114923	0.588899167437558	2.420989451763e-05	0.303921568627451	0.235017254877754	0.697044334975369	4.24536980338629e-05	0	0	0	0	0	0
g649||NKX6-1	NKX6-1	g649	0.546785075973637	8.43630498343333e-05	0.0400154481254174	0.878807674594326	0.707536512112127	1.76828142614192e-05	0.394141227258711	0.00707879297464104	-0.017156862745098	0.951004026215098	0.563054187192118	0.00175696695667858	0	0	0	0	0	0
g650||NKX6-1	NKX6-1	g650	0.312397656078984	0.0345414663636409	-0.0925081757415462	0.723993390913609	0.404222798489982	0.0296428635721531	0.227752081406105	0.127760199380631	-0.0147058823529412	0.958534992249883	0.272413793103448	0.152492432561124	0	0	0	0	0	0
g651||NKX6-1	NKX6-1	g651	0.538694851870899	0.000112407145655532	-0.178858474767438	0.492176174771063	0.704862568912618	1.96413144506393e-05	0.54802799989052	8.06712566462919e-05	-0.0711220244041679	0.786198469321604	0.648768472906404	0.000198458881996759	0	0	0	0	0	0
g652||NKX6-1	NKX6-1	g652	0.410876326499539	0.00456178788135034	-0.18401096134892	0.479578933803133	0.543822977014966	0.0022940483416157	0.422893089719704	0.00341141601855763	-0.110361762006467	0.67326914679877	0.599507389162562	0.000747104440351154	0	0	0	0	0	0
g653||NKX6-1	NKX6-1	g653	0.396547432011801	0.00636518978004802	-0.0886133936265227	0.735213208109403	0.519315674052118	0.0038907165767669	0.267221708294789	0.0728254967051145	-0.0416666666666667	0.876019904250764	0.423152709359606	0.0230541844361512	0	0	0	0	0	0
g654||NKX6-1	NKX6-1	g654	0.336322332692237	0.0222955682026717	-0.234122040174455	0.365759752711445	0.439804896396168	0.0169702973676591	0.247856922602529	0.0967947407239033	-0.200980392156863	0.437747732973481	0.349753694581281	0.0635448728081572	0	0	0	0	0	0
g655||NKX6-1	NKX6-1	g655	0.642219982552283	1.50151359405566e-06	0.478657841303367	0.0519260444349056	0.841416924221023	1.08208650639158e-08	0.650447116867098	1.94622729027668e-06	0.504901960784314	0.0407898208688142	0.726600985221675	1.44487745795524e-05	0	0	0	0	0	0
g656||NKX6-1	NKX6-1	g656	0.595308160184449	1.27793489684784e-05	-0.674614887135583	0.00297241524666197	0.78423564522056	4.8103470209745e-07	0.443971631205674	0.00219547962931919	-0.725490196078431	0.0014087397847264	0.704926108374384	3.21438113418488e-05	0	0	0	0	0	0
g657||NKX6-1	NKX6-1	g657	0.581100377803843	2.29135770600983e-05	-0.347611873899758	0.171574858287921	0.759072072843213	1.81271077853869e-06	0.480927565062601	0.000716474810968361	-0.256284536215019	0.320751546817021	0.729556650246305	1.29179736888616e-05	0	0	0	0	0	0
g658||NKX6-1	NKX6-1	g658	0.494618954356739	0.000475612240091126	-0.218407587212752	0.399696886128686	0.644121756454084	0.000162858314084083	0.41831637372803	0.00409354181077116	-0.463235294117647	0.0629940258898239	0.601477832512315	0.000711370049727057	0	0	0	0	0	0
g659||NKX6-1	NKX6-1	g659	0.558756017666677	5.44185520368243e-05	0.388996532255071	0.12277491825481	0.72252872838307	9.59945978269179e-06	0.401418439716312	0.00602613642348877	0.225490196078431	0.38271501317929	0.53448275862069	0.003229773290009	0	0	0	0	0	0
g660||NKX6-1	NKX6-1	g660	0.419137315325776	0.00373995080165678	-0.491462942278588	0.0451182141363363	0.543064359744858	0.00233326241460546	0.271292013567684	0.0684469238610508	-0.583333333333333	0.0157389567860025	0.487192118226601	0.00799859172354265	0	0	0	0	0	0
g661||NKX6-1	NKX6-1	g661	0.520621205948712	0.000208001459079457	0.520136300778119	0.0323299958477235	0.67539373515591	5.82336179892737e-05	0.593234450928079	1.39402874147198e-05	0.256284536215019	0.320751546817021	0.723645320197044	1.61528415198537e-05	0	0	0	0	0	0
g662||NKX6-1	NKX6-1	g662	0.485009501706474	0.000635214803275152	-0.64112761230408	0.00554500077069024	0.630711689989463	0.00024463627648211	0.367078849352732	0.0120930067354337	-0.707541518641463	0.00148723404111042	0.611330049261084	0.000554167131565145	0	0	0	0	0	0
g663||NKX6-1	NKX6-1	g663	0.512427297699339	0.000271877491949786	-0.354422957223613	0.162768695597876	0.665368919971633	8.20286749158879e-05	0.382176996608079	0.00915929124508749	-0.176470588235294	0.496735820258108	0.59064039408867	0.000928018903300021	0	0	0	0	0	0
g664||NKX6-1	NKX6-1	g664	0.494649261191008	0.000475171992736588	-0.23041073384975	0.373625261713936	0.644154845187465	0.000162691002232749	0.374653098982424	0.0107234033053852	-0.279411764705882	0.276432987525513	0.601477832512315	0.000711370049727057	0	0	0	0	0	0
g665||NKX6-1	NKX6-1	g665	0.469590114578797	0.000993258192755422	0.0172781436281343	0.947523000131912	0.618662466215539	0.000347101645585816	0.396361393771199	0.006741835811776	-0.0147058823529412	0.958534992249883	0.509852216748768	0.0052558720895533	0	0	0	0	0	0
g666||NKX6-1	NKX6-1	g666	0.476915644446649	0.000805300190272578	0.228412743001919	0.377898176497577	0.617415968991007	0.000359601521064929	0.448535306814678	0.00195587815474606	0.252450980392157	0.326982812517477	0.53448275862069	0.003229773290009	0	0	0	0	0	0
g667||NKX6-1	NKX6-1	g667	0.442073922484992	0.00209827607295281	0.481139416350911	0.0505502159660502	0.570896982572974	0.00121972309743811	0.50095590502621	0.000463941019926614	0.455882352941177	0.0677143311960762	0.585714285714286	0.00104416480427995	0	0	0	0	0	0
g668||NKX6-1	NKX6-1	g668	0.484639370460449	0.000642226028277096	-0.492975523455986	0.0443608914153679	0.649466579659947	0.000137726721572037	0.487141535615171	0.000692105499716673	-0.178921568627451	0.490666292162011	0.642364532019704	0.000238815181392456	0	0	0	0	0	0
g669||NKX6-1	NKX6-1	g669	0.41781034791944	0.00386248966453589	0.601204912800728	0.0106897041097855	0.563269541341133	0.00146523363119768	0.47198495196513	0.000927897992151583	0.323727835218971	0.20495287777211	0.55615763546798	0.00204451286263435	0	0	0	0	0	0
g670||NKX6-1	NKX6-1	g670	0.344699913157558	0.0189796058315162	0.00402845711068673	0.987757326795565	0.444199592028298	0.0157775181816688	0.334813444341659	0.0234171978410264	0.0661764705882353	0.802055628068064	0.44384236453202	0.0166955218396544	0	0	0	0	0	0
g671||NKX6-1	NKX6-1	g671	0.577140754783697	2.68330676687797e-05	0.108522277975863	0.678438454374263	0.750177042495336	2.79080733235073e-06	0.525377736663583	0.000219877067881993	0.176470588235294	0.496735820258108	0.631034482758621	0.000328082230493823	0	0	0	0	0	0
g673||NKX6-1	NKX6-1	g673	0.492823278687712	0.000502361482524962	-0.350708317654216	0.167532711103034	0.633954073265836	0.000222100451113657	0.434104224483503	0.00280470495552036	-0.573529411764706	0.0179242485263288	0.604433497536946	0.000660567022597264	0	0	0	0	0	0
g674||NKX6-1	NKX6-1	g674	0.473936018999813	0.000877521236250268	0.294496096771322	0.251206143847316	0.627793509576947	0.000266621720403942	0.526611162503854	0.000211443113143904	0.0857843137254902	0.744017310206342	0.666995073891625	0.000114432515622706	0	0	0	0	0	0
g675||NKX6-1	NKX6-1	g675	0.388610401589967	0.00760889106462936	-0.404262631955309	0.10752127701266	0.504398889823762	0.00526784132433916	0.243239076251205	0.103335317764107	-0.36296757282127	0.152159806209473	0.469950738916256	0.0108275519842633	0	0	0	0	0	0
g676||NKX6-1	NKX6-1	g676	0.525279883693678	0.000178077843756005	0.211310234905558	0.415561204244371	0.685041837292877	4.13578235154303e-05	0.533641689793401	0.000168738045133812	0.0735294117647059	0.780154518375691	0.739901477832512	8.71460394309712e-06	0	0	0	0	0	0
g677||NKX6-1	NKX6-1	g677	0.55603733944521	6.02046764809997e-05	-0.475876857214067	0.0535009637160442	0.728065843684489	7.58486016520235e-06	0.539455425955703	0.000109448866362444	-0.40220731042357	0.109492353025194	0.778325123152709	2.3721008844806e-06	0	0	0	0	0	0
g678||NKX6-1	NKX6-1	g678	0.480049637521895	0.000735124397732202	0.529913563262781	0.0286763253484299	0.618822792071148	0.000345522012980717	0.614307739747148	8.91906119251178e-06	0.382352941176471	0.130676009253024	0.638916256157635	0.000263396322937979	0	0	0	0	0	0
g679||NKX6-1	NKX6-1	g679	0.338855697247864	0.0212451212042334	0.306851562603862	0.230923303257829	0.444459519773177	0.0157092058071545	0.367005858772741	0.0125445225505077	0.362745098039216	0.152887807312487	0.423152709359606	0.0230541844361512	0	0	0	0	0	0
g680||NKX6-1	NKX6-1	g680	0.341388715948249	0.020236734694119	-0.0591651535202692	0.821543883572513	0.465486510166614	0.0109388508674849	0.163207403636616	0.278475675661253	0.0147511452557662	0.955190118437503	0.214778325123153	0.262012108594804	0	0	0	0	0	0
g681||NKX6-1	NKX6-1	g681	0.501109200781817	0.000389285335351372	0.548258494198049	0.0226867237958819	0.640599541121369	0.000181564497771176	0.522294172062905	0.000242316991586312	0.544117647058824	0.0259558515382696	0.666995073891625	0.000114432515622706	0	0	0	0	0	0
g682||NKX6-1	NKX6-1	g682	0.430022291602393	0.00285688749946376	0.632946647077486	0.00638875238007358	0.554599182052981	0.00179540855661183	0.373913043478261	0.0108890367639151	0.316176470588235	0.215920867018769	0.466502463054187	0.0114846636618082	0	0	0	0	0	0
g683||NKX6-1	NKX6-1	g683	0.475850662054477	0.000830478117010226	0.169677646976343	0.515009143301254	0.629722502170291	0.000251902255981291	0.328522972556275	0.0262811081573115	0.220588235294118	0.393394452555898	0.47487684729064	0.00994415434945252	0	0	0	0	0	0
g684||NKX6-1	NKX6-1	g684	0.520335347880498	0.000209978015835642	0.0169328011108081	0.948570554827618	0.670444369510048	6.90764682463236e-05	0.350107924761024	0.0175326961736969	-0.169117647058824	0.515164256863485	0.6	0.000738027060983095	0	0	0	0	0	0
g685||NKX6-1	NKX6-1	g685	0.42400032780874	0.00331953138949456	0.634728719434034	0.00619669866837957	0.547004522019143	0.00213571951510854	0.516204631902279	0.000240504301059076	0.442673289825941	0.0751686500080395	0.579310344827586	0.00121395554753202	0	0	0	0	0	0
g686||NKX6-1	NKX6-1	g686	0.476936040051486	0.000804824749244154	-0.472507100020829	0.0554568206015138	0.625703657129777	0.000283420826680405	0.507246376811594	0.000384664161217566	0.0637254901960784	0.809389056534401	0.693103448275862	4.86520887474216e-05	0	0	0	0	0	0
g687||NKX6-1	NKX6-1	g687	0.600953346623717	1.00546522731105e-05	0.579696123204727	0.0147266877731649	0.785237023407508	4.54668228328758e-07	0.558433549182855	7.33518835258966e-05	0.276960784313726	0.280812275841214	0.690147783251231	5.38206959236462e-05	0	0	0	0	0	0
g688||NKX6-1	NKX6-1	g688	0.590745959910177	1.5461236945719e-05	-0.134543721301654	0.606668450467702	0.770440941622072	1.0160797892667e-06	0.54901477099093	7.78458899088567e-05	-0.203556138811929	0.43326718298958	0.711822660098522	2.5049879967478e-05	0	0	0	0	0	0
g689||NKX6-1	NKX6-1	g689	0.574068293699775	3.02881990847319e-05	0.432664056983625	0.0828058201804099	0.738270568876418	4.84014245838642e-06	0.627752081406105	5.12388881756513e-06	0.183823529411765	0.478639035066498	0.772413793103448	2.79343364837016e-06	0	0	0	0	0	0
g690||NKX6-1	NKX6-1	g690	0.594240890705819	1.33652411814299e-05	-0.322245084163406	0.207154861415236	0.76655369146654	1.24295476701746e-06	0.503438280790717	0.000361933620282961	-0.381361199822348	0.130945456678657	0.738916256157635	9.04720312495773e-06	0	0	0	0	0	0
g692||NKX6-1	NKX6-1	g692	0.471712079759524	0.000935145907075073	-0.323661989322292	0.205050338601247	0.611375958415796	0.000425957166932519	0.420043169904409	0.00393086377058282	-0.350490196078431	0.168044272760931	0.617241379310345	0.000475218158805228	0	0	0	0	0	0
g693||NKX6-1	NKX6-1	g693	0.474849666007091	0.000854783337294145	0.291933839659344	0.255547275722252	0.618742796389188	0.000346309388017731	0.457169287696577	0.0015654091959836	0.144607843137255	0.578870511436224	0.594088669950739	0.000853575708304697	0	0	0	0	0	0
g694||NKX6-1	NKX6-1	g694	0.50522677900306	0.000342120707791032	0.290313939629539	0.258315744836625	0.665514478615704	8.16290473260874e-05	0.494665433240826	0.000557705037250516	0.279411764705882	0.276432987525513	0.6	0.000738027060983095	0	0	0	0	0	0
g695||NKX6-1	NKX6-1	g695	0.487248043667983	0.000594256059195728	-0.710269087126353	0.00139862992094666	0.637031578587033	0.000202428870271653	0.368485969781067	0.0121726148324376	-0.666666666666667	0.00442480744915861	0.642857142857143	0.000235473414383737	0	0	0	0	0	0
g696||NKX6-1	NKX6-1	g696	0.483857917076256	0.000657257335692517	-0.0238906765999183	0.927482247920277	0.625940994253686	0.000281467140528036	0.296577243293247	0.0457496149164791	-0.321078431372549	0.208580093108783	0.48128078817734	0.00888765894487517	0	0	0	0	0	0
g697||NKX6-1	NKX6-1	g697	0.542180024727141	9.94237490951645e-05	-0.266025826523858	0.302046618663618	0.701801058322138	2.21207100395062e-05	0.577304964539007	3.73373833383322e-05	-0.176470588235294	0.496735820258108	0.765024630541872	3.51416228723693e-06	0	0	0	0	0	0
g698||NKX6-1	NKX6-1	g698	0.497055733201708	0.000441363615118367	0.241640766564077	0.350111975528842	0.644034817496717	0.000163298644151743	0.502559358618563	0.000442442109742255	0.0392156862745098	0.883482430045583	0.690147783251231	5.38206959236462e-05	0	0	0	0	0	0
g700||NKX6-1	NKX6-1	g700	0.412835087307972	0.00435383552910795	-0.303917084473759	0.235643099832962	0.532834727251773	0.00292130984417785	0.404255319148936	0.00565450452990619	-0.215686274509804	0.404238975397585	0.560098522167488	0.00187558591698446	0	0	0	0	0	0
g702||NKX6-1	NKX6-1	g702	0.558902858416454	5.41210063623793e-05	0.311008309498479	0.224341313364487	0.725690932754725	8.39695298231814e-06	0.526734505087882	0.000210616113607646	0.301470588235294	0.23896488058254	0.640886699507389	0.00024909163734709	0	0	0	0	0	0
g703||NKX6-1	NKX6-1	g703	0.41849488993645	0.00379884301805079	-0.673247832670998	0.00305357646798133	0.539898501741003	0.00250321906454404	0.308859354428508	0.0367526249252253	-0.469650609427522	0.0571561031248285	0.41231527093596	0.0271140160324148	0	0	0	0	0	0
g704||NKX6-1	NKX6-1	g704	0.614232230439648	5.61571862324974e-06	-0.369971855722256	0.143822727036753	0.800585207484943	1.84329925970421e-07	0.518840579710145	0.000269905438458469	-0.333333333333333	0.190964837843444	0.738423645320197	9.21834275783154e-06	0	0	0	0	0	0
g705||NKX6-1	NKX6-1	g705	0.534365235613185	0.000130678357217683	0.444679830242241	0.0737018026912848	0.68701726595095	3.84985726193734e-05	0.600616712920136	1.54028905155504e-05	0.409313725490196	0.104039021122669	0.615763546798029	0.000493970359563573	0	0	0	0	0	0
g706||NKX6-1	NKX6-1	g706	0.380260309071951	0.00913903635862607	-0.256289419693282	0.320742003603788	0.48662334987983	0.00743139159387763	0.30626908028993	0.0384440617841128	0.206008622412072	0.427625313450477	0.346305418719212	0.0663370973822482	0	0	0	0	0	0
g707||NKX6-1	NKX6-1	g707	0.527901668918094	0.00016301017084355	-0.378975773067568	0.133573652079375	0.689888114557432	3.46578498244761e-05	0.529772734532924	0.000152975141684125	-0.342121462220049	0.178901747320178	0.75320197044335	5.30004034062283e-06	0	0	0	0	0	0
g708||NKX6-1	NKX6-1	g708	0.393457324994729	0.00682664382563897	0.303849136663855	0.235753105142216	0.499001005587635	0.00585922599226264	0.471676585996252	0.000936092387673495	0.321275351618827	0.20860326104616	0.572906403940887	0.00140728867844325	0	0	0	0	0	0
g710||NKX6-1	NKX6-1	g710	0.425195028367501	0.00322283525752531	0.381486489213245	0.130808416509915	0.556784646965359	0.00170663735737403	0.375393154486586	0.0105599514157773	0.443627450980392	0.0761683611951501	0.490147783251231	0.00758321791315041	0	0	0	0	0	0
g711||NKX6-1	NKX6-1	g711	0.510674078685972	0.000287659543592851	0.528513331296985	0.0291790774531387	0.668676113603337	7.3365625448958e-05	0.586432315757015	2.65790374646491e-05	0.401960784313726	0.110871342729267	0.67487684729064	8.91530840668725e-05	0	0	0	0	0	0
g712||NKX6-1	NKX6-1	g712	0.462804995007664	0.00120134391415258	0.0355833225726233	0.892152842341773	0.606755624166439	0.000483758296478352	0.425174997889404	0.00322443583340636	0.0380134958022276	0.884831959075825	0.515763546798029	0.00469023665138195	0	0	0	0	0	0
g713||NKX6-1	NKX6-1	g713	0.431756810000118	0.00273463525328905	-0.0802251657305816	0.759547448812692	0.571244613706115	0.00120944321290816	0.512056737588652	0.000332551690380866	-0.20343137254902	0.432062576349258	0.661576354679803	0.000135297902304458	0	0	0	0	0	0
g714||NKX6-1	NKX6-1	g714	0.458688071251368	0.00134577337049531	0.532358151308258	0.0278146179267036	0.596211669360448	0.00064212402035823	0.481714461917977	0.000806461545692165	0.649509803921569	0.0059066798655768	0.500985221674877	0.00621356032352671	0	0	0	0	0	0
g715||NKX6-1	NKX6-1	g715	0.440727537879603	0.00217308788036638	-0.255218002937271	0.322839728887289	0.574731739278091	0.00111042386489315	0.319642306506321	0.0308210046199704	-0.188725490196078	0.466762824528651	0.476847290640394	0.00960830873136493	0	0	0	0	0	0
g716||NKX6-1	NKX6-1	g716	0.374266987308358	0.0103944689602795	0.28814969290682	0.262043462544292	0.48446061558938	0.00773975123086753	0.478707330086677	0.00076448061478606	0.404659794023714	0.107143313993213	0.521674876847291	0.00417767973196205	0	0	0	0	0	0
g717||NKX6-1	NKX6-1	g717	0.356326239757458	0.0150744930090798	0.386987584067904	0.124889180400008	0.455887358421082	0.0129391061850495	0.364673594795481	0.01271199073888	0.201103655211785	0.438947379491897	0.433990147783251	0.0195112050151282	0	0	0	0	0	0
g718||NKX6-1	NKX6-1	g718	0.524618308873301	0.000182074436826245	-0.652213501226766	0.00454734915458071	0.69595912517183	2.76423478499786e-05	0.4527289546716	0.00175653694632502	-0.313725490196078	0.219654866580788	0.644334975369458	0.00022569314815577	0	0	0	0	0	0
g719||NKX6-1	NKX6-1	g719	0.366975388779217	0.0121190911364368	-0.746644357367288	0.000574837226321825	0.46962746061033	0.0101597262171365	0.274868948504471	0.0647753263796454	-0.715686274509804	0.00173974314478892	0.554187192118227	0.00213381290623225	0	0	0	0	0	0
g720||NKX6-1	NKX6-1	g720	0.476692606271981	0.000810515860482548	0.488057670321966	0.0468588286937011	0.626883417258743	0.000273826180105739	0.421029910576627	0.00384048744426544	0.355392156862745	0.161861799524049	0.461083743842364	0.012585182505156	0	0	0	0	0	0
g721||NKX6-1	NKX6-1	g721	0.45594860296529	0.00145025152390951	-0.327814579518683	0.19896290567089	0.609339714723083	0.00045063593139737	0.417650868248773	0.00387745118560727	-0.26364198701545	0.306562607330555	0.611822660098522	0.000547176397491073	0	0	0	0	0	0
g722||NKX6-1	NKX6-1	g722	0.494290577347872	0.000480405950137278	0.513268439679055	0.0351024699058677	0.646550188488429	0.000150976172601532	0.401677511060877	0.00565880429850509	0.741876289043475	0.000651116789484962	0.484729064039409	0.00835937720028399	0	0	0	0	0	0
g723||NKX6-1	NKX6-1	g723	0.633148768659534	2.33578167765943e-06	0.372054306319681	0.141405768152259	0.824269242718619	3.88594418177662e-08	0.607234265915154	7.65845458931165e-06	0.120171696407042	0.645939027353814	0.736453201970443	9.93642033233976e-06	0	0	0	0	0	0
g724||NKX6-1	NKX6-1	g724	0.438474162573668	0.00230358604847355	0.615171924002574	0.0085789102836313	0.572043867814476	0.00118609376835633	0.433117483811286	0.00287318222885476	0.66421568627451	0.00461600635678532	0.475862068965517	0.00977500920245292	0	0	0	0	0	0
g725||NKX6-1	NKX6-1	g725	0.547789921368037	8.13667897862462e-05	-0.195594440613276	0.451845742626117	0.715496817970396	1.28453870785071e-05	0.402047550223531	0.00561060033752323	-0.0294298032017246	0.910725885050324	0.506403940886699	0.0056120802054984	0	0	0	0	0	0
g726||NKX6-1	NKX6-1	g726	0.50491330813015	0.000345520927684596	-0.129822282288461	0.61946414790258	0.651246618839447	0.000130156480775868	0.414616096207216	0.00446224734716218	-0.0735294117647059	0.780154518375691	0.623645320197044	0.000400963951305485	0	0	0	0	0	0
g728||NKX6-1	NKX6-1	g728	0.589605137596548	1.62082869114639e-05	0.783814620765325	0.000196729338508517	0.770983774845458	9.87577018459616e-07	0.678815911193339	5.66909339064306e-07	0.642156862745098	0.00665223330641672	0.758620689655172	4.36685760281679e-06	0	0	0	0	0	0
g729||NKX6-1	NKX6-1	g729	0.521576286736337	0.000201519244457192	0.0910321384809724	0.728239342621637	0.67380391574787	6.15381605351492e-05	0.467160037002775	0.00120162098430367	0.218137254901961	0.398796167437171	0.609852216748768	0.000575610055800606	0	0	0	0	0	0
g730||NKX6-1	NKX6-1	g730	0.59074340014971	1.54628771178633e-05	-0.0210779390237018	0.93600250459233	0.767736196552527	1.16951577244362e-06	0.465694286200013	0.00110840434130728	-0.0686695408040241	0.793418393383297	0.582758620689655	0.00111976667170728	0	0	0	0	0	0
g731||NKX6-1	NKX6-1	g731	0.340080652456708	0.0207523177481484	-0.675403811866842	0.00292638288800222	0.454444164729493	0.0132646751018359	0.122170829478878	0.417368550397962	-0.70343137254902	0.00223596177020802	0.303448275862069	0.10968302139081	0	0	0	0	0	0
g732||NKX6-1	NKX6-1	g732	0.581678603252677	2.23873996777048e-05	-0.320912359261715	0.209147115201281	0.755323871128738	2.17896487493367e-06	0.569657724329325	4.9306196716609e-05	-0.0759803921568628	0.772889112128398	0.7	3.82813773461237e-05	0	0	0	0	0	0
g733||NKX6-1	NKX6-1	g733	0.560331155335418	5.1303434719225e-05	-0.736327965784088	0.000750264221378451	0.733863677912446	5.8908601898627e-06	0.553253160653716	8.77338705961159e-05	-0.409313725490196	0.104039021122669	0.79064039408867	1.80129666659756e-06	0	0	0	0	0	0
g735||NKX6-1	NKX6-1	g735	0.384719310146266	0.00829187205038342	-0.549791476895479	0.0222341766008047	0.498457425014521	0.00592178809052514	0.277705827937095	0.0619772732217106	-0.272058823529412	0.289700718165671	0.467980295566502	0.011199034755225	0	0	0	0	0	0
g736||NKX6-1	NKX6-1	g736	0.445659794915216	0.00191003016493428	0.691167696684251	0.00212151039073378	0.586294211852661	0.000830793623291962	0.454085723095899	0.00169604052820752	0.74264705882353	0.000948784866975288	0.50295566502463	0.00598876028724423	0	0	0	0	0	0
g737||NKX6-1	NKX6-1	g737	0.406960620338541	0.00500366931411297	-0.189715699711176	0.465817888656939	0.53772172216079	0.00262617558624708	0.366265803268578	0.0127341153740833	-0.357843137254902	0.158830702106608	0.533004926108374	0.00332868450116459	0	0	0	0	0	0
g739||NKX6-1	NKX6-1	g739	0.509405557853639	0.000299589837507896	-0.08806130357586	0.736807793070954	0.663127785972221	8.84053283985773e-05	0.518100524205982	0.000276176086531326	0.017156862745098	0.951004026215098	0.587684729064039	0.000996270220548273	0	0	0	0	0	0
g740||NKX6-1	NKX6-1	g740	0.610909788003205	6.51293220864083e-06	-0.234758033939267	0.364421230813569	0.79212756256333	3.059687879327e-07	0.676082399213564	2.51889195101792e-07	-0.0834356456288735	0.750207294217185	0.80295566502463	1.48754641278344e-06	0	0	0	0	0	0
g741||NKX6-1	NKX6-1	g741	0.455956307282935	0.00144994785647781	0.409486903331509	0.102624621278569	0.59993930401491	0.000581600690237938	0.585031916155916	1.95484536124435e-05	0.409564761224001	0.102552868941098	0.576847290640394	0.0012853864325043	0	0	0	0	0	0
g742||NKX6-1	NKX6-1	g742	0.563725904402098	4.51366219674782e-05	0.365113169578244	0.149571767601162	0.739653068076278	4.54722630425455e-06	0.608263953129818	1.13784668905408e-05	0.426470588235294	0.0893008624164066	0.760591133004926	4.07827602537015e-06	0	0	0	0	0	0
g743||NKX6-1	NKX6-1	g743	0.400290934724189	0.00584265108195613	0.348286654424826	0.17068847315053	0.522678697003658	0.00362695256157587	0.131174838112858	0.383660941237862	0.0784313725490196	0.765642130601015	0.305418719211823	0.107309672703045	0	0	0	0	0	0
g744||NKX6-1	NKX6-1	g744	0.371270035738502	0.0110759446925956	-0.375388664665178	0.137594251977541	0.478626647493541	0.00862592324705573	0.41313598519889	0.00461772057368077	-0.0465686274509804	0.861126110035359	0.519704433497537	0.00434289602729119	0	0	0	0	0	0
g745||NKX6-1	NKX6-1	g745	0.520511124562968	0.000208760608292274	-0.414287271055131	0.0982671968668005	0.666722502674092	7.83787286821213e-05	0.482701202590194	0.000784484223360855	-0.301470588235294	0.23896488058254	0.645812807881773	0.000216271452562426	0	0	0	0	0	0
g746||NKX6-1	NKX6-1	g746	0.542176559907478	9.94359482562319e-05	0.459474044840216	0.0635259067264576	0.710115253171684	1.59618336549397e-05	0.602670449575755	9.33889244008793e-06	0.58001237143399	0.0146597160389194	0.727586206896552	1.3920032144535e-05	0	0	0	0	0	0
g747||NKX6-1	NKX6-1	g747	0.521450051328422	0.000202365380621551	0.292304722373627	0.254916032302031	0.687658143324576	3.76096734602309e-05	0.692876965772433	3.10099164188e-07	0.323529411764706	0.204973096417061	0.798029556650246	1.5917403573571e-06	0	0	0	0	0	0
g748||NKX6-1	NKX6-1	g748	0.463938372057317	0.00116408941899603	-0.733401434730801	0.000807402041267797	0.604818129285034	0.000509977080305427	0.353140707559432	0.0160696141783462	-0.624157076236577	0.00740723769467469	0.647290640394089	0.000207197030819937	0	0	0	0	0	0
g749||NKX6-1	NKX6-1	g749	0.42790993000726	0.00301225518047742	0.564875401932629	0.0181457773698279	0.554822901582347	0.00178614130555769	0.343519689330429	0.0194199095259847	0.306560450017965	0.231388817938137	0.473399014778325	0.0102025180273221	0	0	0	0	0	0
g750||NKX6-1	NKX6-1	g750	0.539364154723264	0.000109800087755102	-0.369300427096991	0.144608017023229	0.709387431682766	1.6431648728036e-05	0.567146689960974	3.96155507863669e-05	-0.293071790217174	0.253613564685189	0.74679802955665	6.716043740781e-06	0	0	0	0	0	0
g752||NKX6-1	NKX6-1	g752	0.382203601296066	0.00876108056030981	-0.405499773161424	0.106347045295024	0.501961803603715	0.00552822884801807	0.22627197039778	0.130306412981798	-0.232843137254902	0.367008292811231	0.357635467980295	0.0575108410007702	0	0	0	0	0	0
g753||NKX6-1	NKX6-1	g753	0.435579628856531	0.00248135156286136	0.233768519577603	0.366504964135563	0.561104790168741	0.00154229005840402	0.35713845205057	0.0152828015458689	0.409313725490196	0.104039021122669	0.421182266009852	0.0237523396540991	0	0	0	0	0	0
g754||NKX6-1	NKX6-1	g754	0.342212200050779	0.0199177186717581	0.32894734541808	0.197323110030389	0.456043758043628	0.0129042278220366	0.33345667591736	0.024011533066676	0.355392156862745	0.161861799524049	0.419211822660098	0.0244678925768281	0	0	0	0	0	0
g755||NKX6-1	NKX6-1	g755	0.557353587055381	5.73365946428726e-05	0.291091744717307	0.25698413276315	0.714353926212839	1.34572892161794e-05	0.492815294480419	0.0005883656075632	-0.198529411764706	0.443472506945397	0.657635467980295	0.000152511445071203	0	0	0	0	0	0
g756||NKX6-1	NKX6-1	g756	0.403220346014962	0.00546017797578723	0.0460297048081572	0.860748558102438	0.523299062015314	0.00358001006340034	0.255380820228184	0.0868411790479508	-0.0612745098039216	0.816738052527764	0.455665024630542	0.0137732549271092	0	0	0	0	0	0
g757||NKX6-1	NKX6-1	g757	0.455987872922562	0.00144870428007024	-0.484278387029562	0.0488492799842542	0.587454190206313	0.000806478750828897	0.417034136311017	0.00393578887483585	-0.56039250263284	0.019293680359251	0.576847290640394	0.0012853864325043	0	0	0	0	0	0
g759||NKX6-1	NKX6-1	g759	0.519916014538915	0.000212908288666208	0.516103957665589	0.0339366342539296	0.683164235005322	4.4249763387231e-05	0.554733271662041	8.33815322460767e-05	0.473039215686275	0.0570936155031399	0.673399014778325	9.34767198500039e-05	0	0	0	0	0	0
g760||NKX6-1	NKX6-1	g760	0.458520722992547	0.00135195805547464	-0.47213693071944	0.0556748775100019	0.590091342531143	0.00075350185989987	0.2895467160037	0.0513314158920132	-0.382352941176471	0.130676009253024	0.371428571428571	0.0480536856428697	0	0	0	0	0	0
g761||NKX6-1	NKX6-1	g761	0.299079206186199	0.0434762203169338	-0.217945798784554	0.400719045581758	0.391701824997883	0.0356064748706157	0.375516497070614	0.010532919881403	-0.0612745098039216	0.816738052527764	0.472906403940887	0.010289892499777	0	0	0	0	0	0
g762||NKX6-1	NKX6-1	g762	0.623642751591707	3.65614707282213e-06	-0.266838089355067	0.300516961676891	0.814247852907219	7.71200215432777e-08	0.559560887126568	5.280580964239e-05	-0.400981068623498	0.110680436502841	0.783743842364532	2.07833423198229e-06	0	0	0	0	0	0
g763||NKX6-1	NKX6-1	g763	0.441717731256999	0.00211784268090533	0.143868126991688	0.58171575894501	0.591692636827726	0.000722841555774442	0.324956058003955	0.0275603492317694	0.0306560450017965	0.907020959374164	0.391625615763547	0.0364982262350908	0	0	0	0	0	0
g764||NKX6-1	NKX6-1	g764	0.405470992730829	0.00518132677547982	-0.259380295545781	0.314735233860139	0.536881550168598	0.0026750055860752	0.503916127042861	0.000424958902025901	-0.313725490196078	0.219654866580788	0.643349753694581	0.000232172774768699	0	0	0	0	0	0
g765||NKX6-1	NKX6-1	g765	0.494754000595028	0.000473653335502687	-0.064527963869679	0.80564669314897	0.647706089424852	0.000145595412786943	0.613320999074931	9.28313095522309e-06	0.17156862745098	0.508985124069811	0.686699507389162	6.04668983799237e-05	0	0	0	0	0	0
g766||NKX6-1	NKX6-1	g766	0.364295824408868	0.012811626629528	-0.296481628228872	0.247874031293134	0.466119189587145	0.0108166707120119	0.261000956058595	0.0797760457748746	-0.380134958022276	0.13229197114462	0.375369458128079	0.0455943682679993	0	0	0	0	0	0
g767||NKX6-1	NKX6-1	g767	0.562688828642484	4.6944463780198e-05	0.442156907086005	0.0755495691995991	0.730252508451082	6.90037577998643e-06	0.540055504162812	0.000136798340495165	0.237745098039216	0.356747172699823	0.631034482758621	0.000328082230493823	0	0	0	0	0	0
g768||NKX6-1	NKX6-1	g768	0.450244333334419	0.00169124102105524	0.530250120653067	0.02855648534591	0.589642859123716	0.00076229041442429	0.5754548257786	3.99578058380442e-05	0.367647058823529	0.147102619923446	0.579310344827586	0.00121395554753202	0	0	0	0	0	0
g769||NKX6-1	NKX6-1	g769	0.492564191236751	0.000506330708778145	-0.406168940602298	0.105715711980802	0.637720256178724	0.000198243962287688	0.305529001964622	0.038938891014864	-0.387492408822708	0.124355518044386	0.4935960591133	0.00712197133890486	0	0	0	0	0	0
g770||NKX6-1	NKX6-1	g770	0.422028453641245	0.00348471454095162	-0.161985653639943	0.534510458045996	0.554856797342465	0.00178474084367527	0.271785383903793	0.0679308159044168	-0.313725490196078	0.219654866580788	0.372906403940887	0.0471192608909811	0	0	0	0	0	0
g771||NKX6-1	NKX6-1	g771	0.470456856240871	0.00096914275571012	-0.0960816851622088	0.713745542539718	0.623185177012329	0.000304901260995923	0.389824236817761	0.00777624222414144	-0.0833333333333333	0.751205676294256	0.564532019704433	0.00170013943196903	0	0	0	0	0	0
g772||NKX6-1	NKX6-1	g772	0.51337600213992	0.000263667991244351	0.240052715782838	0.35338482777187	0.671067051883182	6.76201243764599e-05	0.33604687018193	0.0228877163041898	0.360294117647059	0.155839438178497	0.424630541871921	0.0225417930832859	0	0	0	0	0	0
g773||NKX6-1	NKX6-1	g773	0.510990594770052	0.000284750498796524	-0.0408380829820549	0.876334000930783	0.671355506895473	6.69547986997127e-05	0.331113166820845	0.0250680760999654	-0.166666666666667	0.521379269323578	0.511330049261084	0.00510925045357842	0	0	0	0	0	0
g774||NKX6-1	NKX6-1	g774	0.576836349772007	2.71584895244525e-05	-0.078901247906028	0.763408332528103	0.74631930350614	3.34679223361997e-06	0.487018193031144	0.000694533104625792	-0.181372549019608	0.484633929493739	0.684729064039409	6.45848333883535e-05	0	0	0	0	0	0
g775||NKX6-1	NKX6-1	g775	0.547660236672809	8.17479529318681e-05	-0.194500364481397	0.454429849735818	0.710805936507751	1.55271735658465e-05	0.548566142460684	0.000102925334507584	-0.169117647058824	0.515164256863485	0.713300492610837	2.3730420894528e-05	0	0	0	0	0	0
g776||NKX6-1	NKX6-1	g776	0.336901030002077	0.0220518509965866	-0.216461493360076	0.404014035285833	0.43606687775348	0.0180426686860376	0.116743755781684	0.438480643271944	-0.343137254901961	0.177621467261887	0.167487684729064	0.38353673171832	0	0	0	0	0	0
g777||NKX6-1	NKX6-1	g777	0.616832241722361	4.99477159184331e-06	-0.702435825662709	0.00166550024738551	0.798651667639985	2.07403703414767e-07	0.475917360468702	0.000947135756350449	-0.526960784313726	0.0318066203683791	0.755665024630542	4.84890818115658e-06	0	0	0	0	0	0
g778||NKX6-1	NKX6-1	g778	0.449403865875018	0.0017296011902753	0.252090560154141	0.329008625304174	0.583174851140744	0.000899385029134422	0.575084798026519	4.05018235517189e-05	0.21078431372549	0.415247112734397	0.651724137931034	0.000181948842608472	0	0	0	0	0	0
g779||NKX6-1	NKX6-1	g779	0.384426345904274	0.00834537232370239	0.218733821838491	0.398975619951044	0.493957115177605	0.00646188152476063	0.295343817452976	0.0466911789957765	0.33578431372549	0.187567030988053	0.449753694581281	0.0151754880988226	0	0	0	0	0	0
g780||NKX6-1	NKX6-1	g780	0.537585630442639	0.000116852072970984	-0.566201797502851	0.0178166032073921	0.690490813690995	3.38964669578348e-05	0.323465926611162	0.028791883053049	-0.644607843137255	0.00639580227616668	0.510344827586207	0.00520660263700488	0	0	0	0	0	0
g781||NKX6-1	NKX6-1	g781	0.526171307688467	0.000172818594292231	0.398352466078759	0.113257888314573	0.69803466996328	2.55534661985214e-05	0.468516805427074	0.00115856455543026	0.409313725490196	0.104039021122669	0.640886699507389	0.00024909163734709	0	0	0	0	0	0
g782||NKX6-1	NKX6-1	g782	0.447502151448737	0.00181926167147206	-0.573002916810714	0.0162015416592421	0.575396312892741	0.00109237627572906	0.279802651865557	0.0599723762787013	-0.674019607843137	0.00388884080675782	0.533004926108374	0.00332868450116459	0	0	0	0	0	0
g783||NKX6-1	NKX6-1	g783	0.452094452833758	0.00160944841861361	0.271918425531896	0.291054850844068	0.588438922160979	0.000786327825317937	0.370706136293555	0.0116325712046568	0.127450980392157	0.625399970119372	0.467980295566502	0.011199034755225	0	0	0	0	0	0
g784||NKX6-1	NKX6-1	g784	0.542222460233364	9.92744499667494e-05	0.25284585551556	0.327512575593519	0.694805897436442	2.88678731230648e-05	0.471600370027752	0.00106580812493568	0.245098039215686	0.341673118975123	0.532019704433497	0.00339606708984016	0	0	0	0	0	0
g785||NKX6-1	NKX6-1	g785	0.420464406704822	0.00362082469279027	0.0359514634334031	0.891043276468024	0.544216691701036	0.00227392178721796	0.514646931853222	0.000307224192348396	0.129901960784314	0.618661921909265	0.615763546798029	0.000493970359563573	0	0	0	0	0	0
g1||NKX6-1	NKX6-1	g1	0.178275074446702	0.235871562744169	0.288067764161093	0.262185227645399	0.109736429520799	0.570938094110109	0.203700277520814	0.174031393097135	0.105392156862745	0.687298291138966	0.245320197044335	0.198857120591386	0	0	0	0	0	0
g1155||NKX6-1	NKX6-1	g1155	0.164328545286092	0.275142050486083	0.226177960044022	0.382709279221013	0.104680291070227	0.588912535105077	0.173358001850139	0.248389092121665	0.333333333333333	0.190964837843443	0.116256157635468	0.546627510772601	0	0	0	0	0	0
g1158||NKX6-1	NKX6-1	g1158	0.241194776203168	0.10635762011629	0.0598386453798964	0.819543686272261	0.352846188932847	0.0604564267955801	0.290286771507863	0.050718917663386	0.0833333333333333	0.751205676294256	0.40295566502463	0.0310777637622545	0	0	0	0	0	0
g1160||NKX6-1	NKX6-1	g1160	0.0717944273977473	0.635396163951274	0.0119356027149134	0.96373705268532	0.104515558957795	0.589502272774019	0.00770891150169596	0.959605604250072	-0.208333333333333	0.420812043757347	0.12807881773399	0.506298875745992	0	0	0	0	0	0
g1162||NKX6-1	NKX6-1	g1162	0.360427097845795	0.0138709735221044	0.620760079958101	0.00783408517246465	0.195990153910774	0.308232082637255	0.354424915201973	0.0161200276782291	0.622549019607843	0.00901438391380144	0.247290640394089	0.195185926783961	0	0	0	0	0	0
g1165||NKX6-1	NKX6-1	g1165	0.189083364506145	0.208203112734615	0.234413160898809	0.365146715005002	0.16469740557216	0.39323709601927	0.151403021893309	0.314095578397037	-0.0392156862745098	0.883482430045583	0.226108374384236	0.237197695808575	0	0	0	0	0	0
g1171||NKX6-1	NKX6-1	g1171	0.273789635136479	0.0655945932956859	0.0954819426460017	0.715462265289676	0.356540725054196	0.0576298120360995	0.304101140918902	0.0403375306307324	-0.00735294117647059	0.981146015681787	0.408866995073892	0.0285228841101207	0	0	0	0	0	0
g1172||NKX6-1	NKX6-1	g1172	0.247944148876074	0.0966300013732121	0.301432789836274	0.239686248581116	0.335526783000218	0.0751780203338456	0.288806660499537	0.0519499261209964	0.0490196078431373	0.853696049975753	0.442364532019704	0.0170948102047149	0	0	0	0	0	0
g1174||NKX6-1	NKX6-1	g1174	0.240908879786598	0.106785626881519	-0.43435413915529	0.0814783678427028	0.322904957994537	0.0875402722522983	0.219858156028369	0.14178470286206	-0.495098039215686	0.0453630429625201	0.462068965517241	0.012378729663915	0	0	0	0	0	0
g1175||NKX6-1	NKX6-1	g1175	0.225293015328348	0.132224201877536	-0.236627207641475	0.360503248908359	0.286714920391167	0.131566240895989	0.164107308048104	0.274831742770103	-0.218137254901961	0.398796167437171	0.333497536945813	0.0775625523384437	0	0	0	0	0	0
g1192||NKX6-1	NKX6-1	g1192	0.126262780346749	0.403074870752705	-0.242682791077997	0.347973836366955	0.152346287303403	0.430144839028634	0.0883749614554425	0.558040740109717	-0.188725490196078	0.466762824528651	0.227093596059113	0.235117819969124	0	0	0	0	0	0
g1196||NKX6-1	NKX6-1	g1196	0.371586861086415	0.0110021364585398	0.21238802718574	0.41313088034536	0.482719010184419	0.00799585749823789	0.369102682701203	0.012020479235784	0.227941176470588	0.377437624817372	0.500492610837438	0.00627087413701375	0	0	0	0	0	0
g1197||NKX6-1	NKX6-1	g1197	0.178533615518605	0.235181751228283	-0.292715641108218	0.254217782514122	0.241427282058707	0.207056732151938	0.272032069071847	0.0676739326506821	-0.0465686274509804	0.861126110035359	0.331034482758621	0.0798815771466854	0	0	0	0	0	0
g1198||NKX6-1	NKX6-1	g1198	0.142705881644246	0.344099617100615	-0.269892833638463	0.294805750219312	0.198708121386181	0.301437087267475	0.223805118717237	0.134635040518661	-0.193627450980392	0.455039931969354	0.305418719211823	0.107309672703045	0	0	0	0	0	0
g1201||NKX6-1	NKX6-1	g1201	0.239434406491004	0.109013967933543	0.327638625201358	0.199218415436399	0.29777634884434	0.116678539107101	0.468146777674992	0.00117016792577698	0.200980392156863	0.437747732973481	0.466995073891625	0.0113887782372923	0	0	0	0	0	0
g1213||NKX6-1	NKX6-1	g1213	0.210410872225909	0.160446513450592	-0.21596559669719	0.405118096808194	0.264182986138877	0.166102198547901	0.208270375380406	0.164842092242368	-0.175352577410276	0.500837554856972	0.361576354679803	0.0546694842996583	0	0	0	0	0	0
g1220||NKX6-1	NKX6-1	g1220	0.186272220445085	0.215170199279656	0.168219638500383	0.518679970115359	0.253134961814383	0.185200776588177	0.261671292013568	0.0791526414954694	0.115196078431373	0.659518278389528	0.300985221674877	0.11270525596947	0	0	0	0	0	0
g1226||NKX6-1	NKX6-1	g1226	0.174160562017244	0.247035676752837	-0.322311404431245	0.20705604436789	0.226917572360132	0.236509729280737	0.149676225716929	0.319696820416038	-0.397058823529412	0.115603728893105	0.292610837438424	0.123451447495361	0	0	0	0	0	0
g123||NKX6-1	NKX6-1	g123	0.365282780412002	0.0125527142070093	0.115885090604232	0.657831193529109	0.475468990187375	0.00914021199373454	0.354301572617946	0.01615899675518	0.071078431372549	0.78743778557168	0.441379310344828	0.0173654118724	0	0	0	0	0	0
g1235||NKX6-1	NKX6-1	g1235	0.274009104998106	0.0653700269496434	-0.0533812967387502	0.838762936345918	0.366620108381629	0.0504430330982348	0.343406932933874	0.0194624224818488	0.0417178228144368	0.873689809576117	0.439901477832512	0.0177780180775021	0	0	0	0	0	0
g1241||NKX6-1	NKX6-1	g1241	0.118221280385274	0.433921237083411	0.282921450729887	0.271185203811004	0.157986139996754	0.41306200595526	0.180265186555658	0.229813358339219	0.213235294117647	0.409722688926365	0.208374384236453	0.276771069410897	0	0	0	0	0	0
g1255||NKX6-1	NKX6-1	g1255	0.315813710614576	0.0325119408181478	-0.163461095616907	0.530744118618795	0.413966455202175	0.0255855680424391	0.315325316065372	0.0332541122729524	-0.272058823529412	0.289700718165671	0.441871921182266	0.0172296671194157	0	0	0	0	0	0
g1262||NKX6-1	NKX6-1	g1262	0.190277933205414	0.205290857195152	-0.261794703740245	0.310089527165422	0.240395261026366	0.209064466640808	0.187049028677151	0.212528455837563	-0.306372549019608	0.231112520460973	0.333990147783251	0.0771051029312179	0	0	0	0	0	0
g1264||NKX6-1	NKX6-1	g1264	0.14139116082689	0.348609084737261	-0.101302618938862	0.698856566525731	0.196895466427716	0.305958245760423	0.110329941412273	0.464184754445311	-0.053921568627451	0.838872605878498	0.26256157635468	0.168339361586039	0	0	0	0	0	0
g1267||NKX6-1	NKX6-1	g1267	0.22315793150902	0.136027439854839	0.539736354966898	0.0253344889422537	0.28749051895778	0.130479212213155	0.27708911501696	0.0625771125217933	0.232843137254902	0.36700829281123	0.376847290640394	0.0446986621935009	0	0	0	0	0	0
g1276||NKX6-1	NKX6-1	g1276	0.124479851054542	0.409802204514183	0.548110532455993	0.0227307789934416	0.150734359633302	0.435097357232522	0.166574159728646	0.267604124388473	0.379901960784314	0.133318328937149	0.236945812807882	0.214998138889754	0	0	0	0	0	0
g1281||NKX6-1	NKX6-1	g1281	0.281359498386649	0.0581957744392152	0.0637897240769724	0.807830961564314	0.356385347034413	0.05774656273506	0.233795868023435	0.117752811109516	-0.0269607843137255	0.920926977488124	0.355665024630542	0.0589748535027446	0	0	0	0	0	0
g1283||NKX6-1	NKX6-1	g1283	0.248787263701062	0.0954647934198573	-0.415303234860792	0.0973622132449463	0.314167286072476	0.0969644754244652	0.15781683626272	0.2938451034906	-0.333333333333333	0.190964837843444	0.30935960591133	0.102679954075004	0	0	0	0	0	0
g1285||NKX6-1	NKX6-1	g1285	0.107384821218993	0.477497293886133	0.532409391956879	0.0277967720176107	0.13476077669008	0.485817491393063	0.232069071847055	0.120548866334052	0.215686274509804	0.404238975397585	0.275369458128079	0.147957507852905	0	0	0	0	0	0
g1296||NKX6-1	NKX6-1	g1296	0.296086009460983	0.0457236782405838	-0.05766863564313	0.825992084741191	0.391396570675672	0.0357630828953976	0.349861239592969	0.0176165112830752	-0.100490196078431	0.701339321483756	0.470935960591133	0.0106457530338218	0	0	0	0	0	0
g1298||NKX6-1	NKX6-1	g1298	0.313953095730708	0.0336047688580699	-0.0317751748989202	0.903641237517566	0.402522821058401	0.0304014436513711	0.318038852913968	0.0317067743344479	-0.0392156862745098	0.883482430045583	0.485714285714286	0.0082134367712403	0	0	0	0	0	0
g1302||NKX6-1	NKX6-1	g1302	0.128645287086963	0.394185683877602	0.177126625619957	0.496445716969607	0.167307453351503	0.38567657055187	0.0555675475918702	0.713776275224017	0.324954077019043	0.203143383787067	0.0995073891625616	0.606241961568285	0	0	0	0	0	0
g1307||NKX6-1	NKX6-1	g1307	0.217783029544167	0.145962040509622	-0.251365546259884	0.33044841976382	0.290351518533689	0.126526222577147	0.195257331493741	0.193459646029041	-0.143470290608408	0.582771555353354	0.327093596059113	0.0837036385725158	0	0	0	0	0	0
g1318||NKX6-1	NKX6-1	g1318	0.180940769036618	0.228825391547513	0.557722777354765	0.0200037731050714	0.227051447411062	0.236225844424828	0.377119950662966	0.0101869161112287	0.654411764705882	0.00544796712184482	0.392610837438424	0.0359982914673404	0	0	0	0	0	0
g1323||NKX6-1	NKX6-1	g1323	0.292051551164719	0.0489015525548483	-0.317230619956427	0.214715262703503	0.377470983593269	0.0435176887725714	0.316188714153561	0.0327551015372918	-0.240196078431373	0.351680020193382	0.357635467980295	0.0575108410007702	0	0	0	0	0	0
g1336||NKX6-1	NKX6-1	g1336	0.190402666939974	0.204988423739599	0.15139221928646	0.561900863412735	0.23341030993861	0.223002982315007	0.254517422139994	0.0879407706779317	0.0808823529411765	0.758414133489161	0.287192118226601	0.13080153109591	0	0	0	0	0	0
g1340||NKX6-1	NKX6-1	g1340	0.149919476531105	0.320001328541115	0.131031589063126	0.616176731411848	0.189312915043654	0.325327456189121	0.159296947271045	0.289295913603145	0.0514705882352941	0.84627801601604	0.232512315270936	0.223899686143956	0	0	0	0	0	0
g1342||NKX6-1	NKX6-1	g1342	0.259724010251148	0.0813148253534926	0.12335752566835	0.637152735989389	0.323172484699343	0.0872631485920256	0.243169904409497	0.10343061371943	0.00735294117647059	0.981146015681787	0.437931034482759	0.0183408630255016	0	0	0	0	0	0
g1349||NKX6-1	NKX6-1	g1349	0.265490765843884	0.0745463145408434	-0.138080233230694	0.597154088584783	0.335724367986762	0.0749958087429333	0.270675300647549	0.0690964652445812	-0.276960784313726	0.280812275841214	0.384729064039409	0.0401580108885735	0	0	0	0	0	0
g1350||NKX6-1	NKX6-1	g1350	0.405893656088353	0.00513036821036465	0.328707903095102	0.197668986799449	0.523712582851265	0.00354900937849984	0.267838421214924	0.0721480922326882	0.17156862745098	0.508985124069811	0.386699507389162	0.0390832884570773	0	0	0	0	0	0
g15||NKX6-1	NKX6-1	g15	0.232439546188936	0.120071729265983	0.502090157646834	0.039998684379806	0.0527443023537951	0.78582825287086	0.248103607770583	0.0964548919169371	0.377450980392157	0.135998518849547	0.182266009852217	0.342455286336896	0	0	0	0	0	0
g179||NKX6-1	NKX6-1	g179	0.341262000161773	0.0202862040748682	0.236270346290671	0.361249431785562	0.427578231051985	0.0206867577146133	0.344804193647857	0.0194115059252985	0.237745098039216	0.356747172699823	0.4	0.0324237787613314	0	0	0	0	0	0
g414||NKX6-1	NKX6-1	g414	0.220185512962402	0.141457197849273	-0.113099974532677	0.66559984332288	0.386842120099864	0.0381661786536033	0.133148319457293	0.376496200962841	-0.259803921568627	0.312678606386675	0.272413793103448	0.152492432561124	0	0	0	0	0	0
g627||NKX6-1	NKX6-1	g627	0.326145951429249	0.0269647306212245	0.704746623346208	0.00158276206431608	0.427883825749757	0.0205863354272032	0.415356151711378	0.00438625226818539	0.348039215686275	0.171196025388197	0.437931034482759	0.0183408630255016	0	0	0	0	0	0
g639||NKX6-1	NKX6-1	g639	0.358527966435212	0.0144177427217618	0.702157377912415	0.00167570542348503	0.470844789998985	0.00993974664598993	0.439901325932778	0.00243083955565773	0.651960784313726	0.0056736141135422	0.443349753694581	0.0168277420165829	0	0	0	0	0	0
g641||NKX6-1	NKX6-1	g641	0.347917269852144	0.0178218864385426	-0.156220637987959	0.549341403029916	0.451067564300372	0.0140531451345849	0.227505396238051	0.12818193124884	0.00980392156862745	0.973606611131262	0.386699507389162	0.0390832884570773	0	0	0	0	0	0
g672||NKX6-1	NKX6-1	g672	0.36852911333785	0.0117323916990932	0.570718185176988	0.0167307066445245	0.48773181156454	0.00727741677498024	0.384767190872649	0.00866867861752826	0.382352941176471	0.130676009253024	0.469950738916256	0.0108275519842633	0	0	0	0	0	0
g699||NKX6-1	NKX6-1	g699	0.266138409537308	0.073814790391054	-0.4390232931741	0.0778914335075366	0.345835173495244	0.0661172427248613	0.201850138760407	0.178039014403273	-0.330882352941177	0.194404207207698	0.301477832512315	0.112095841728851	0	0	0	0	0	0
g701||NKX6-1	NKX6-1	g701	0.480870859431212	0.000717666454187653	-0.771265725805701	0.000288731822695457	0.630022168803688	0.000249681222290825	0.256244218316374	0.085752421441999	-0.509803921568628	0.0386415625787591	0.527093596059113	0.00375091093912984	0	0	0	0	0	0
g709||NKX6-1	NKX6-1	g709	0.45175925168697	0.00162400146866851	-0.279727701199457	0.276864586966734	0.597802091820482	0.000615657904096385	0.425470243601603	0.00345608184016339	-0.115196078431373	0.659518278389528	0.594581280788177	0.00084337824379307	0	0	0	0	0	0
g727||NKX6-1	NKX6-1	g727	0.316420149862402	0.0321621645880025	0.160780326195125	0.537596216398188	0.419566183947012	0.0234667450535556	0.381263683921133	0.00894216960434871	0.148375257808695	0.569810937934672	0.436945812807882	0.0186278117679956	0	0	0	0	0	0
g738||NKX6-1	NKX6-1	g738	0.343991507958992	0.0192428665061304	-0.202192131559512	0.436421644930048	0.441747688215291	0.0164341130358004	0.365155720012334	0.0130231249269321	-0.071078431372549	0.78743778557168	0.515270935960591	0.00473528652946464	0	0	0	0	0	0
g758||NKX6-1	NKX6-1	g758	0.390490660547475	0.00729668484128846	-0.0864985427374623	0.741326956982522	0.507520367859112	0.00494964147414999	0.263644773358002	0.0768549375622189	0.0808823529411765	0.758414133489161	0.353694581280788	0.0604682712209427	0	0	0	0	0	0
g798||NKX6-1	NKX6-1	g798	0.0794680392282201	0.599599198243412	-0.0590052949525295	0.822018799220553	0.113316364784439	0.558362558348481	0.127474560592044	0.397312085669155	0.0318627450980392	0.905925223934364	0.101477832512315	0.599085688884463	0	0	0	0	0	0
g800||NKX6-1	NKX6-1	g800	0.222353448524376	0.13748142033547	0.0603830786491261	0.817927546867043	0.330092134119639	0.0803246801432737	0.246870181930311	0.0981634672818368	-0.120098039215686	0.645787193596103	0.361576354679803	0.0546694842996583	0	0	0	0	0	0
g802||NKX6-1	NKX6-1	g802	0.195324557167968	0.19330329632133	0.27293166433257	0.289189419635162	0.189984130351226	0.323583182373754	0.285723095898859	0.0545926797029834	0.333333333333333	0.190964837843443	0.302463054187192	0.110884475322192	0	0	0	0	0	0
g804||NKX6-1	NKX6-1	g804	0.0898518691428765	0.552621109172057	-0.150874657363957	0.563254456649467	0.172773461504268	0.370117271627894	0.103669441874807	0.491719739193778	-0.205882352941176	0.426417271161064	0.18128078817734	0.34510694900024	0	0	0	0	0	0
g830||NKX6-1	NKX6-1	g830	0.314741247490009	0.033138203644922	0.224918228915013	0.385436006852512	0.364647897684987	0.0517904060573047	0.314338575393154	0.03383214311805	0.142156862745098	0.585424444638834	0.340394088669951	0.0713475680832469	0	0	0	0	0	0
g856||NKX6-1	NKX6-1	g856	0.207687571857667	0.166053915340746	0.0238383576211151	0.92764066568846	0.282453818376055	0.137656642740321	0.308048103607771	0.0377167583475269	0.193627450980392	0.455039931969354	0.33743842364532	0.0739615439546341	0	0	0	0	0	0
g866||NKX6-1	NKX6-1	g866	0.196540962914542	0.19048971199988	0.16233172218369	0.533625970518365	0.21179082429229	0.270057501466835	0.245513413506013	0.100069984254074	0.191176470588235	0.460882076288092	0.208374384236453	0.276771069410897	0	0	0	0	0	0
g882||NKX6-1	NKX6-1	g882	0.091243140021367	0.546461878288292	-0.293702800170268	0.252545237680381	0.310907581017882	0.100669552747924	0.1263644773358	0.401462399466369	-0.186274509803922	0.472681904168265	0.297536945812808	0.117041315633161	0	0	0	0	0	0
g901||NKX6-1	NKX6-1	g901	0.14654400790792	0.331141790713486	-0.13109705039106	0.615998975252487	0.333305965917115	0.0772495638616692	0.163243909959914	0.27739179637414	-0.0392156862745098	0.883482430045583	0.283743842364532	0.135644977928111	0	0	0	0	0	0
g930||NKX6-1	NKX6-1	g930	0.280495613593661	0.0590046800788622	0.180629628097783	0.487828068381184	0.337090481708324	0.0737452753695601	0.404625346901018	0.00560754285203654	0.156862745098039	0.546591209730735	0.472413793103448	0.0103778996040517	0	0	0	0	0	0
g936||NKX6-1	NKX6-1	g936	0.0683575658296346	0.651706297385297	0.216202434304813	0.404590601510158	0.0087581927923164	0.96403522664963	0.140302189330866	0.351205410417016	0.110294117647059	0.673356612256124	0.0645320197044335	0.738777928169132	0	0	0	0	0	0
g941||NKX6-1	NKX6-1	g941	0.117032681298403	0.438589604114214	0.349235072509173	0.169447840677887	-0.0816866438847105	0.673571488342171	0.181375269811903	0.226920240958573	0.419117647058824	0.0954147740536183	0.016256157635468	0.933859877418863	0	0	0	0	0	0
