gene-name	is-regulator	avg-all	avg-nonresp	avg-respond	avg-diff	t-pval	t-stat	wilcox-pval	wilcox-stat	num-repeats-all	num-repeats-nonresp	num-repeats-respond
g941	0	6.27e-16	-0.396	0.232	-0.628	0.0413	-2.12	0.042	157	1	1	1
g414	0	5.06e-16	-0.323	0.19	-0.513	0.0908	-1.74	0.128	179	1	1	1
g755	0	1.22e-16	-0.243	0.142	-0.385	0.107	-1.66	0.0837	170	1	1	1
g622	0	-2.29e-16	-0.232	0.136	-0.367	0.124	-1.59	0.181	187	1	1	1
g179	0	4.63e-16	-0.221	0.13	-0.351	0.142	-1.51	0.573	221	1	1	1
g647	0	2.15e-16	-0.22	0.129	-0.349	0.144	-1.5	0.0837	170	1	1	1
g784	0	-9.17e-17	-0.211	0.124	-0.334	0.161	-1.44	0.343	204	1	1	1
g646	0	4.45e-17	-0.209	0.123	-0.332	0.164	-1.43	0.0333	153	1	1	1
g798	0	-9.34e-17	-0.241	0.141	-0.383	0.173	-1.39	0.205	190	1	1	1
g681	0	1.79e-16	-0.201	0.118	-0.319	0.181	-1.37	0.0333	153	1	1	1
g745	0	3.77e-16	-0.19	0.111	-0.301	0.206	-1.29	0.0837	170	1	1	1
g708	0	-1.19e-16	-0.183	0.107	-0.29	0.223	-1.25	0.569	221	2	2	1
g689	0	2.25e-16	-0.17	0.0999	-0.27	0.256	-1.16	0.857	238	1	1	1
g1342	0	6.98e-17	-0.171	0.1	-0.271	0.256	-1.16	0.343	204	1	1	1
g901	0	1.32e-16	-0.235	0.138	-0.372	0.258	-1.16	0.205	190	1	1	1
g780	0	-1.85e-16	-0.162	0.0949	-0.257	0.281	-1.1	0.181	187	1	1	1
g1189	0	-3.24e-17	-0.156	0.0915	-0.248	0.298	-1.06	0.857	238	1	1	1
g1201	0	1.96e-17	-0.155	0.0906	-0.245	0.303	-1.05	0.857	238	1	1	1
g1336	0	-3.93e-16	-0.152	0.0889	-0.24	0.312	-1.03	0.573	221	1	1	1
g705	0	2.67e-17	-0.147	0.086	-0.233	0.328	-0.995	0.0837	170	1	1	1
g936	0	3.47e-18	-0.157	0.0922	-0.25	0.345	-0.955	0.543	219	1	1	1
g680	0	-2.43e-17	0.139	-0.0813	0.22	0.355	0.94	0.569	272	3	3	1
g690	0	-3.91e-17	-0.134	0.0784	-0.212	0.372	-0.906	0.0343	153	2	2	1
g800	0	1.79e-16	-0.182	0.107	-0.288	0.384	-0.885	0.249	195	1	1	1
g804	0	3.73e-17	-0.142	0.0834	-0.226	0.414	-0.824	0.573	221	1	1	1
g669	0	6.92e-17	0.121	-0.071	0.192	0.42	0.819	0.569	272	2	2	1
g673	0	1.5e-16	-0.121	0.0708	-0.192	0.42	-0.818	0.573	221	1	1	1
g1192	0	3.19e-16	-0.118	0.0691	-0.187	0.432	-0.798	0.343	204	1	1	1
g633	0	-3.1e-16	-0.117	0.0684	-0.185	0.436	-0.79	0.0837	170	1	1	1
g684	0	1.87e-17	-0.116	0.068	-0.184	0.439	-0.785	0.573	221	1	1	1
g1281	0	-3.36e-16	-0.116	0.068	-0.184	0.439	-0.785	0.857	255	1	1	1
g1349	0	2.1e-16	-0.114	0.0667	-0.181	0.448	-0.77	0.181	187	1	1	1
g620	0	-2.59e-16	-0.113	0.0665	-0.18	0.449	-0.767	0.0837	170	1	1	1
g637	0	-5.13e-16	-0.114	0.0666	-0.18	0.449	-0.768	0.857	238	1	1	1
g706	0	1.91e-16	-0.113	0.0661	-0.179	0.452	-0.763	0.0837	170	2	2	1
g1162	0	1.47e-16	-0.144	0.0842	-0.228	0.455	-0.755	0.513	217	1	1	1
g1276	0	5.26e-17	-0.111	0.0651	-0.176	0.459	-0.751	0.343	204	1	1	1
g668	0	2.61e-16	0.111	-0.0649	0.176	0.46	0.749	0.857	238	1	1	1
g1283	0	-2.61e-16	-0.11	0.0643	-0.174	0.464	-0.742	0.573	221	1	1	1
NKX6-1	1	3.29	3.25	3.32	-0.0712	0.466	-0.738	0.62	224	1	1	1
g643	0	-3.02e-18	0.109	-0.0638	0.173	0.468	0.736	0.343	289	1	1	1
g719	0	2.05e-16	-0.107	0.0629	-0.17	0.474	-0.726	0.343	204	1	1	1
g782	0	3.33e-16	-0.107	0.0629	-0.17	0.474	-0.726	0.857	238	1	1	1
g766	0	-1.22e-16	-0.107	0.0628	-0.17	0.475	-0.725	0.856	238	2	2	1
g621	0	-8.86e-17	0.106	-0.0622	0.168	0.479	0.717	0.857	255	1	1	1
g1213	0	-2.64e-16	-0.105	0.0617	-0.167	0.482	-0.712	0.179	306	2	2	1
g717	0	-4.8e-17	-0.104	0.0612	-0.166	0.486	-0.706	0.339	204	2	2	1
g760	0	4.4e-16	-0.104	0.0612	-0.166	0.486	-0.706	0.857	255	1	1	1
g763	0	-1.72e-16	0.102	-0.0596	0.161	0.498	0.687	0.569	221	2	2	1
g726	0	-2.83e-16	-0.101	0.0594	-0.161	0.499	-0.685	0.857	238	1	1	1
g1198	0	5.98e-17	0.0987	-0.0578	0.156	0.51	0.667	0.573	221	1	1	1
g678	0	-1.96e-16	-0.0985	0.0577	-0.156	0.511	-0.666	0.343	289	1	1	1
g1264	0	1.57e-16	0.098	-0.0574	0.155	0.513	0.662	0.857	255	1	1	1
g757	0	4.77e-16	-0.0958	0.0562	-0.152	0.523	-0.647	0.856	238	2	2	1
g721	0	-4e-16	0.0948	-0.0556	0.15	0.527	0.641	0.856	255	2	2	1
g777	0	4.62e-17	-0.0946	0.0554	-0.15	0.528	-0.639	0.857	255	1	1	1
g659	0	6.49e-18	-0.0933	0.0547	-0.148	0.534	-0.63	0.573	221	1	1	1
g729	0	-1.41e-17	-0.0924	0.0542	-0.147	0.538	-0.624	0.181	187	1	1	1
g774	0	-4.06e-16	-0.0924	0.0542	-0.147	0.538	-0.624	0.343	204	1	1	1
g1155	0	-1.96e-16	-0.124	0.0724	-0.196	0.542	-0.616	0.604	223	1	1	1
g779	0	-1.42e-17	-0.0909	0.0533	-0.144	0.544	-0.614	0.857	238	1	1	1
g753	0	-1.34e-16	-0.0906	0.0531	-0.144	0.546	-0.612	0.573	221	1	1	1
g640	0	1.13e-17	-0.0903	0.0529	-0.143	0.547	-0.61	0.181	187	1	1	1
g1318	0	1.93e-16	-0.0899	0.0527	-0.143	0.549	-0.607	0.181	187	1	1	1
g1172	0	-6.15e-16	0.0887	-0.052	0.141	0.554	0.599	0.857	238	1	1	1
g649	0	9.61e-17	-0.084	0.0492	-0.133	0.575	-0.567	0.181	187	1	1	1
g802	0	-1.7e-17	0.0969	-0.0568	0.154	0.576	0.564	0.719	263	1	1	1
g623	0	1.89e-17	0.083	-0.0486	0.132	0.58	0.56	0.569	272	2	2	1
g738	0	-4.44e-16	-0.0817	0.0479	-0.13	0.586	-0.552	0.573	221	1	1	1
g682	0	-2.08e-16	-0.0815	0.0478	-0.129	0.587	-0.55	0.573	221	1	1	1
g697	0	3.61e-16	-0.0802	0.047	-0.127	0.592	-0.542	0.181	187	1	1	1
g1298	0	7.09e-17	-0.0799	0.0468	-0.127	0.594	-0.54	0.857	238	1	1	1
g1262	0	1.24e-16	-0.0793	0.0465	-0.126	0.597	-0.535	0.343	204	1	1	1
g685	0	1.99e-17	-0.0781	0.0458	-0.124	0.602	-0.527	0.179	187	2	2	1
g740	0	9.34e-17	-0.0777	0.0456	-0.123	0.604	-0.525	0.856	255	2	2	1
g1220	0	4.04e-16	0.0772	-0.0452	0.122	0.607	0.521	0.573	272	1	1	1
g703	0	2.41e-16	-0.0768	0.045	-0.122	0.608	-0.519	0.569	221	2	2	1
g667	0	-1.34e-16	-0.0759	0.0445	-0.12	0.612	-0.512	0.573	221	1	1	1
g856	0	2.92e-16	-0.0885	0.0519	-0.14	0.614	-0.508	0.736	231	1	1	1
g1175	0	2.77e-16	-0.0754	0.0442	-0.12	0.615	-0.509	0.857	238	1	1	1
g731	0	2.1e-16	0.0744	-0.0436	0.118	0.619	0.502	0.573	221	1	1	1
g1350	0	-1.91e-16	-0.0731	0.0429	-0.116	0.625	-0.494	0.857	255	1	1	1
g696	0	-3.2e-17	-0.073	0.0428	-0.116	0.626	-0.492	0.181	187	1	1	1
g700	0	3.35e-16	-0.0729	0.0427	-0.116	0.627	-0.492	0.181	306	1	1	1
g781	0	4.9e-17	0.0717	-0.0421	0.114	0.632	0.484	0.573	272	1	1	1
g718	0	-1.63e-16	0.0715	-0.0419	0.113	0.633	0.482	0.573	221	1	1	1
g630	0	-1.47e-16	-0.0703	0.0412	-0.112	0.639	-0.474	0.343	204	1	1	1
g744	0	-6.93e-17	-0.0699	0.041	-0.111	0.641	-0.472	0.343	204	1	1	1
g769	0	-1.06e-16	-0.0688	0.0403	-0.109	0.646	-0.464	0.856	255	2	2	1
g666	0	-2.1e-16	-0.0665	0.039	-0.105	0.657	-0.449	0.343	204	1	1	1
g626	0	-7.69e-17	-0.0663	0.0389	-0.105	0.658	-0.447	0.857	238	1	1	1
g670	0	-9.56e-17	-0.0658	0.0386	-0.104	0.661	-0.444	0.181	187	1	1	1
g754	0	2.14e-16	0.0655	-0.0384	0.104	0.662	0.442	0.857	255	1	1	1
g866	0	1.93e-16	-0.076	0.0445	-0.12	0.662	-0.441	0.702	229	1	1	1
g1235	0	5.04e-17	0.0652	-0.0382	0.103	0.663	0.44	0.339	289	2	2	1
g1197	0	-3.03e-16	0.0647	-0.0379	0.103	0.666	0.437	0.181	306	1	1	1
g698	0	1.35e-16	-0.064	0.0375	-0.102	0.669	-0.432	0.573	221	1	1	1
g624	0	1.18e-16	0.0637	-0.0373	0.101	0.671	0.43	0.857	238	1	1	1
g1174	0	-3.83e-16	0.0626	-0.0367	0.0993	0.676	0.422	0.343	289	1	1	1
g1340	0	-1.35e-16	-0.0621	0.0364	-0.0985	0.678	-0.419	0.573	272	1	1	1
g767	0	6.5e-17	-0.0617	0.0362	-0.0979	0.68	-0.416	0.181	187	1	1	1
g732	0	-2.62e-16	-0.0596	0.0349	-0.0945	0.691	-0.402	0.0837	170	1	1	1
g674	0	-2.38e-16	0.0591	-0.0347	0.0938	0.693	0.399	0.343	289	1	1	1
g775	0	-1.24e-16	-0.0589	0.0345	-0.0935	0.694	-0.398	0.857	255	1	1	1
g661	0	-1.95e-16	-0.0588	0.0344	-0.0932	0.695	-0.396	0.856	238	2	2	1
g771	0	4.11e-16	0.0588	-0.0344	0.0932	0.695	0.396	0.343	289	1	1	1
g692	0	1.23e-16	-0.058	0.034	-0.0921	0.698	-0.392	0.343	204	1	1	1
g785	0	-3.97e-16	-0.0582	0.0341	-0.0923	0.698	-0.392	0.857	255	1	1	1
g702	0	8.24e-17	-0.0572	0.0335	-0.0908	0.702	-0.386	0.857	238	1	1	1
g683	0	-2.6e-16	0.0549	-0.0322	0.0871	0.714	0.37	0.857	238	1	1	1
g730	0	2.61e-16	-0.0536	0.0314	-0.0849	0.721	-0.361	0.179	187	2	2	1
g642	0	-1.54e-16	0.0524	-0.0307	0.0832	0.726	0.354	0.573	221	1	1	1
g709	0	-3.45e-17	0.0522	-0.0306	0.0828	0.727	0.352	0.573	272	1	1	1
g660	0	-3.45e-16	-0.0521	0.0306	-0.0827	0.728	-0.352	0.857	238	1	1	1
g1285	0	-1.64e-17	-0.0514	0.0301	-0.0815	0.732	-0.346	0.573	221	1	1	1
g663	0	-4.18e-16	-0.0511	0.03	-0.0811	0.733	-0.345	0.857	238	1	1	1
g671	0	5.52e-17	-0.0507	0.0297	-0.0804	0.735	-0.342	0.0837	170	1	1	1
g716	0	-1.81e-18	-0.0504	0.0295	-0.0799	0.737	-0.34	0.569	221	2	2	1
g764	0	2.15e-16	0.0501	-0.0293	0.0794	0.738	0.338	0.573	221	1	1	1
g636	0	-1.72e-16	0.0496	-0.0291	0.0787	0.74	0.335	0.569	272	2	2	1
g713	0	2.25e-16	0.0495	-0.029	0.0786	0.741	0.334	0.857	238	1	1	1
g749	0	1.21e-17	-0.0494	0.029	-0.0784	0.741	-0.333	0.569	272	2	2	1
g652	0	1.18e-16	0.049	-0.0287	0.0777	0.744	0.33	0.339	289	2	2	1
g735	0	-5.47e-17	-0.0473	0.0278	-0.0751	0.752	-0.319	0.343	204	1	1	1
g778	0	3.1e-16	-0.0474	0.0278	-0.0752	0.752	-0.32	0.573	221	1	1	1
g1	0	-1.32e-16	-0.06	0.0352	-0.0952	0.754	-0.316	0.652	226	1	1	1
g631	0	5.51e-17	-0.0462	0.0271	-0.0733	0.758	-0.311	0.569	221	2	2	1
g629	0	2.47e-16	-0.0453	0.0265	-0.0718	0.763	-0.305	0.573	272	1	1	1
g776	0	-3.23e-16	-0.045	0.0264	-0.0714	0.764	-0.303	0.857	255	1	1	1
g727	0	1.85e-16	0.0448	-0.0263	0.071	0.765	0.302	0.179	306	2	2	1
g1307	0	-3.97e-16	0.0445	-0.0261	0.0707	0.766	0.3	0.569	221	2	2	1
g672	0	-1.44e-16	0.0442	-0.0259	0.07	0.768	0.298	0.343	289	1	1	1
g1323	0	5.73e-17	-0.0436	0.0256	-0.0692	0.771	-0.294	0.573	272	1	1	1
g723	0	-1.67e-16	-0.0428	0.0251	-0.0679	0.775	-0.289	0.569	221	2	2	1
g650	0	2.43e-16	-0.0426	0.025	-0.0676	0.776	-0.287	0.343	204	1	1	1
g737	0	1.22e-16	0.0415	-0.0243	0.0658	0.782	0.28	0.857	255	1	1	1
g747	0	6.71e-18	0.0415	-0.0243	0.0658	0.782	0.28	0.857	255	1	1	1
g756	0	3.67e-16	-0.0413	0.0242	-0.0655	0.783	-0.279	0.573	272	1	1	1
g1267	0	-3.14e-16	-0.0413	0.0242	-0.0656	0.783	-0.279	0.573	221	1	1	1
g656	0	-2.09e-16	0.0404	-0.0237	0.0641	0.787	0.272	0.857	238	1	1	1
g641	0	2.25e-16	-0.0395	0.0231	-0.0626	0.792	-0.266	0.573	272	1	1	1
g675	0	-2.84e-17	-0.0391	0.0229	-0.0619	0.794	-0.263	0.856	255	2	2	1
g1310	0	-2.15e-16	0.0389	-0.0228	0.0617	0.795	0.262	0.573	272	1	1	1
g714	0	2e-16	-0.0386	0.0226	-0.0612	0.797	-0.26	0.343	204	1	1	1
g662	0	-2.83e-16	-0.0383	0.0224	-0.0607	0.798	-0.258	0.856	255	2	2	1
g15	0	-2.14e-16	-0.0483	0.0283	-0.0767	0.807	-0.246	1	246	1	1	1
g694	0	-1.29e-16	0.0346	-0.0203	0.0549	0.817	0.233	0.573	221	1	1	1
g739	0	1.19e-16	-0.0336	0.0197	-0.0533	0.822	-0.227	0.343	204	1	1	1
g665	0	1.21e-16	0.0331	-0.0194	0.0525	0.825	0.223	0.573	221	1	1	1
g1196	0	-3.33e-16	-0.0332	0.0195	-0.0527	0.825	-0.224	0.857	255	1	1	1
g758	0	-9.77e-17	-0.0327	0.0192	-0.0519	0.827	-0.221	0.857	255	1	1	1
g1296	0	2.35e-16	0.0324	-0.019	0.0514	0.829	0.218	0.857	238	1	1	1
g645	0	-2.93e-16	0.032	-0.0188	0.0508	0.831	0.216	0.857	238	1	1	1
g704	0	-1.35e-16	-0.0316	0.0185	-0.0501	0.833	-0.213	0.573	221	1	1	1
g617	0	5.16e-17	-0.0398	0.0233	-0.0631	0.837	-0.207	0.787	234	1	1	1
g658	0	1.01e-16	-0.0302	0.0177	-0.0478	0.84	-0.203	0.573	272	1	1	1
g664	0	-4.73e-16	-0.0302	0.0177	-0.0479	0.84	-0.204	0.857	255	1	1	1
g783	0	-2.46e-16	-0.0302	0.0177	-0.0479	0.84	-0.204	0.343	204	1	1	1
g750	0	-1e-17	0.0282	-0.0165	0.0447	0.851	0.19	0.569	221	2	2	1
g1241	0	2.99e-16	0.0279	-0.0164	0.0443	0.852	0.188	0.573	221	1	1	1
g613	0	7.92e-17	-0.0355	0.0208	-0.0563	0.855	-0.184	0.787	234	1	1	1
g741	0	2.08e-16	0.0262	-0.0153	0.0415	0.861	0.176	0.856	238	2	2	1
g1160	0	2.61e-16	-0.034	0.0199	-0.0539	0.861	-0.176	0.91	241	1	1	1
g688	0	1.24e-16	-0.0256	0.015	-0.0406	0.864	-0.173	0.339	204	2	2	1
g693	0	2.47e-16	-0.0253	0.0149	-0.0402	0.866	-0.171	0.857	255	1	1	1
g736	0	-5.12e-17	0.0249	-0.0146	0.0394	0.868	0.167	0.857	238	1	1	1
g720	0	-4.31e-17	0.0246	-0.0144	0.0389	0.87	0.165	0.573	221	1	1	1
g625	0	1.24e-16	0.0243	-0.0142	0.0385	0.871	0.164	0.857	238	1	1	1
g612	0	1.3e-16	-0.032	0.0187	-0.0507	0.872	-0.162	0.513	217	1	1	1
g611	0	-4.61e-16	0.0317	-0.0186	0.0503	0.873	0.161	0.77	260	1	1	1
g123	0	-2.68e-16	-0.0238	0.0139	-0.0377	0.874	-0.16	0.857	255	1	1	1
g635	0	-4.13e-16	0.0236	-0.0138	0.0375	0.875	0.159	0.857	238	1	1	1
g676	0	9.1e-17	-0.0227	0.0133	-0.036	0.88	-0.153	0.857	255	1	1	1
g699	0	6.29e-17	-0.0223	0.0131	-0.0354	0.881	-0.151	0.857	238	1	1	1
g616	0	2.63e-16	-0.0291	0.017	-0.0461	0.883	-0.148	0.787	234	1	1	1
g748	0	2.95e-16	-0.022	0.0129	-0.0348	0.883	-0.148	0.569	221	2	2	1
g759	0	1.07e-16	0.0221	-0.013	0.0351	0.883	0.149	0.343	204	1	1	1
g930	0	1.6e-16	-0.0279	0.0164	-0.0443	0.883	-0.149	0.857	238	1	1	1
g628	0	-2.16e-17	-0.0218	0.0128	-0.0346	0.884	-0.147	0.857	255	1	1	1
g644	0	7.54e-17	-0.0212	0.0124	-0.0337	0.887	-0.143	0.857	238	1	1	1
g608	0	-1.29e-16	-0.0272	0.016	-0.0432	0.888	-0.141	0.736	231	1	1	1
g773	0	-6.53e-17	0.0211	-0.0124	0.0335	0.888	0.142	0.573	221	1	1	1
g770	0	-6.29e-17	0.0208	-0.0122	0.0329	0.89	0.14	0.573	272	1	1	1
g648	0	8.67e-18	-0.0202	0.0118	-0.032	0.893	-0.136	0.857	255	1	1	1
g830	0	-3.12e-16	-0.0237	0.0139	-0.0377	0.897	-0.131	0.822	236	1	1	1
g715	0	4.53e-16	-0.0192	0.0112	-0.0304	0.898	-0.129	0.573	221	1	1	1
g632	0	-2e-16	0.019	-0.0112	0.0302	0.899	0.128	0.857	238	1	1	1
g762	0	-2.87e-16	-0.0185	0.0109	-0.0294	0.902	-0.125	0.856	238	2	2	1
g724	0	-2.23e-16	-0.0168	0.00984	-0.0266	0.911	-0.113	0.857	238	1	1	1
g1171	0	-1.54e-16	-0.0161	0.00945	-0.0256	0.914	-0.109	0.573	221	1	1	1
g619	0	-4.43e-17	-0.015	0.0088	-0.0238	0.92	-0.101	0.573	221	1	1	1
g742	0	-1.33e-16	0.0151	-0.00885	0.0239	0.92	0.102	0.573	272	1	1	1
g609	0	-2.37e-16	-0.0188	0.011	-0.0299	0.923	-0.0972	0.928	242	1	1	1
g752	0	2.82e-16	0.0144	-0.00846	0.0229	0.923	0.0973	0.573	221	1	1	1
g657	0	-2.43e-16	-0.0137	0.00806	-0.0218	0.927	-0.0926	0.339	204	2	2	1
g725	0	-8.13e-17	-0.0135	0.00791	-0.0214	0.928	-0.0909	0.179	187	2	2	1
g639	0	-2.68e-16	0.0134	-0.00784	0.0212	0.929	0.0902	0.857	255	1	1	1
g602	0	1.65e-16	0.0169	-0.0099	0.0268	0.932	0.0857	0.736	262	1	1	1
g686	0	6.7e-17	0.0123	-0.00718	0.0194	0.935	0.0826	0.573	221	1	1	1
g687	0	-1.15e-16	-0.0121	0.0071	-0.0192	0.936	-0.0816	0.573	221	1	1	1
g743	0	8.73e-17	-0.0112	0.00656	-0.0178	0.94	-0.0754	0.573	272	1	1	1
g882	0	1.69e-16	-0.0134	0.00786	-0.0213	0.944	-0.0706	0.946	250	1	1	1
g638	0	3.57e-16	-0.0101	0.00592	-0.016	0.946	-0.068	0.857	238	1	1	1
g606	0	-2.66e-16	0.0125	-0.0073	0.0198	0.949	0.0646	0.839	256	1	1	1
g707	0	-2.75e-16	-0.00964	0.00565	-0.0153	0.949	-0.065	0.569	272	2	2	1
g1302	0	-2.56e-17	-0.00942	0.00552	-0.0149	0.95	-0.0635	0.856	238	2	2	1
g1226	0	-9.01e-17	-0.00913	0.00535	-0.0145	0.951	-0.0615	0.857	255	1	1	1
g712	0	-8.63e-17	0.00845	-0.00496	0.0134	0.955	0.057	0.856	255	2	2	1
g627	0	4.6e-16	0.00851	-0.00499	0.0135	0.955	0.0574	0.857	255	1	1	1
g679	0	1.53e-16	0.00799	-0.00469	0.0127	0.957	0.0539	0.573	272	1	1	1
g772	0	-7.92e-17	-0.00791	0.00464	-0.0126	0.958	-0.0533	0.857	238	1	1	1
g655	0	-1.34e-16	0.00692	-0.00406	0.011	0.963	0.0466	0.857	255	1	1	1
g728	0	-2.82e-16	-0.00668	0.00392	-0.0106	0.964	-0.045	0.573	221	1	1	1
g1165	0	-2.49e-16	0.00884	-0.00518	0.014	0.964	0.0456	0.589	271	1	1	1
g695	0	1.62e-18	-0.00645	0.00378	-0.0102	0.966	-0.0435	0.573	221	1	1	1
g701	0	5.41e-17	0.00521	-0.00306	0.00827	0.972	0.0351	0.857	255	1	1	1
g1158	0	5.26e-16	0.00656	-0.00385	0.0104	0.973	0.0343	0.857	238	1	1	1
g1255	0	1.41e-16	0.00514	-0.00301	0.00815	0.973	0.0346	0.857	255	1	1	1
g605	0	4.06e-16	0.00507	-0.00297	0.00805	0.979	0.0266	0.946	243	1	1	1
g746	0	4.46e-16	0.00392	-0.0023	0.00622	0.979	0.0264	0.856	255	2	2	1
g722	0	-3.82e-16	-0.00379	0.00222	-0.00601	0.98	-0.0255	0.569	221	2	2	1
g733	0	8.67e-17	0.0038	-0.00223	0.00602	0.98	0.0256	0.343	204	1	1	1
g654	0	4.51e-16	-0.00359	0.00211	-0.0057	0.981	-0.0242	0.181	187	1	1	1
g768	0	-5.5e-17	0.00271	-0.00159	0.0043	0.986	0.0183	0.857	238	1	1	1
g653	0	-1.31e-16	0.00234	-0.00137	0.00371	0.988	0.0158	0.343	204	1	1	1
g677	0	1.03e-16	0.00227	-0.00133	0.0036	0.988	0.0153	0.569	272	2	2	1
g607	0	5.28e-17	-0.00284	0.00166	-0.0045	0.989	-0.0142	0.77	233	1	1	1
g610	0	2.56e-16	-0.00275	0.00161	-0.00436	0.989	-0.0142	0.91	252	1	1	1
g651	0	5.04e-16	-0.00211	0.00124	-0.00335	0.989	-0.0142	0.856	255	2	2	1
g710	0	6.62e-18	0.0021	-0.00123	0.00333	0.989	0.0141	0.343	204	1	1	1
g711	0	2.19e-16	0.00216	-0.00126	0.00342	0.989	0.0145	0.573	221	1	1	1
g761	0	9.18e-17	0.00203	-0.00119	0.00322	0.989	0.0137	0.573	221	1	1	1
g615	0	8.1e-17	-0.00218	0.00128	-0.00346	0.991	-0.011	0.719	230	1	1	1
g634	0	1.94e-16	0.00165	-0.000965	0.00261	0.991	0.0111	0.573	221	1	1	1
g765	0	7.17e-17	0.00101	-0.000594	0.00161	0.995	0.00683	0.181	187	1	1	1
g603	0	2.58e-16	-8.42e-05	4.94e-05	-0.000134	1	-0.000419	0.857	238	1	1	1
g618	0	-1.01e-16	-9.17e-05	5.38e-05	-0.000146	1	-0.000618	0.573	272	1	1	1
