1018
1021
1026
1060
1067
1100
1132
1156
1157
1186
1209
1257
1258
1267
1274
1276
1293
1311
1319
132
1324
1328
1354
1356
1357
1387
139
1454
1467
1473
1480
1533
1540
1545
1548
1552
1563
1572
1585
1588
1596
1605
162
1628
1643
1647
167
1716
1724
1753
1787
1797
1804
1834
1838
1839
1854
1861
1880
1884
1893
1942
198
1982
1989
2010
2015
2027
2028
2049
2062
2068
2074
2088
2093
2119
2134
2157
2188
2214
2239
2265
2281
2305
2328
2329
236
2362
248
2513
2515
254
2558
2566
2571
263
2653
2693
2721
2732
2778
2784
2851
2856
286
2904
2917
2925
2940
2942
296
2972
2982
2991
2994
3006
303
3066
3074
3079
3095
3096
311
3124
3131
3149
3161
3163
3190
3220
3240
3258
332
3340
3342
3356
3364
3386
3393
340
3400
3435
3439
3470
3495
3501
3513
3519
3558
3592
361
3617
3631
3632
3666
3691
3694
3709
3712
3751
3767
3773
3777
3778
3785
3790
3824
3827
383
3840
3870
3894
3945
395
3959
3961
3972
3995
4040
4049
4076
409
429
443
449
457
463
466
481
518
526
534
545
551
56
600
646
658
662
664
679
69
691
70
718
721
739
741
743
745
769
779
826
866
891
902
947
962
973
974
976
99
991
992
998
