gene-name	is-regulator	avg-all	avg-nonresp	avg-respond	avg-diff	t-pval	t-stat	wilcox-pval	wilcox-stat	num-repeats-all	num-repeats-nonresp	num-repeats-respond
ZNF277	1	3.96	3.98	3.94	0.0328	0.00268	3.19	0.00321	376	2	1	1
TAL1	1	3.76	3.7	3.8	-0.091	0.0365	-2.17	0.0469	159	1	1	1
LYL1	1	3.93	3.88	3.97	-0.0867	0.0444	-2.1	0.0314	152	1	1	1
g107	0	-1.11e-16	-0.281	0.165	-0.446	0.0622	-1.94	0.0837	170	1	1	1
g67	0	8.28e-17	-0.261	0.153	-0.414	0.0833	-1.8	0.339	204	2	2	1
g106	0	2.92e-16	-0.25	0.147	-0.397	0.0967	-1.72	0.179	187	2	2	1
g918	0	1.7e-16	-0.312	0.183	-0.495	0.0998	-1.69	0.112	176	1	1	1
NR2E1	1	2.68	2.81	2.6	0.206	0.109	1.64	0.139	312	2	1	1
g76	0	2.24e-16	-0.237	0.139	-0.376	0.115	-1.63	0.343	204	1	1	1
ZNF518A	1	3.96	3.95	3.96	-0.0188	0.116	-1.61	0.112	176	1	1	1
VAX2	1	3.58	3.62	3.55	0.0757	0.123	1.58	0.125	314	2	1	1
g59	0	4.46e-17	-0.222	0.13	-0.351	0.141	-1.52	0.0837	170	1	1	1
g179	0	4.63e-16	-0.221	0.13	-0.351	0.142	-1.51	0.573	221	1	1	1
g647	0	2.15e-16	-0.22	0.129	-0.349	0.144	-1.5	0.0837	170	1	1	1
g83	0	-2.61e-17	-0.217	0.127	-0.344	0.149	-1.48	0.179	187	2	2	1
g163	0	-2.05e-16	-0.211	0.123	-0.334	0.161	-1.44	0.0837	170	1	1	1
g184	0	-8.13e-17	-0.209	0.122	-0.331	0.165	-1.43	0.0837	170	1	1	1
g1892	0	4.77e-17	-0.264	0.155	-0.418	0.169	-1.4	0.197	189	1	1	1
g21	0	2.48e-16	-0.202	0.118	-0.32	0.18	-1.37	0.181	187	1	1	1
AHR	1	3.97	3.95	3.99	-0.0431	0.189	-1.34	0.191	188	2	1	1
g745	0	3.77e-16	-0.19	0.111	-0.301	0.206	-1.29	0.0837	170	1	1	1
g118	0	-1.91e-16	-0.188	0.11	-0.299	0.21	-1.28	0.573	221	1	1	1
g61	0	-1.12e-16	-0.187	0.11	-0.297	0.214	-1.27	0.343	204	1	1	1
ZNF727	1	3.4	3.34	3.43	-0.0895	0.22	-1.26	0.167	185	1	1	1
g708	0	-1.19e-16	-0.183	0.107	-0.29	0.223	-1.25	0.569	221	2	2	1
g1210	0	-3.04e-16	-0.182	0.107	-0.288	0.226	-1.24	0.569	221	2	2	1
g99	0	1.23e-16	-0.182	0.106	-0.288	0.227	-1.24	0.573	221	1	1	1
g1177	0	2.19e-16	-0.18	0.106	-0.286	0.23	-1.23	0.343	204	1	1	1
g252	0	-2.81e-17	0.254	-0.149	0.402	0.23	1.23	0.299	293	1	1	1
g140	0	4.18e-16	-0.18	0.105	-0.285	0.232	-1.22	0.573	221	1	1	1
g147	0	5.25e-17	-0.179	0.105	-0.283	0.234	-1.22	0.0837	170	1	1	1
g60	0	-3.52e-16	-0.178	0.104	-0.282	0.237	-1.21	0.0343	153	2	2	1
SOX12	1	3.92	3.94	3.91	0.0253	0.25	1.17	0.222	301	1	1	1
g72	0	-4.5e-16	-0.173	0.101	-0.274	0.25	-1.18	0.181	187	1	1	1
ZNF624	1	3.68	3.67	3.69	-0.0213	0.254	-1.17	0.495	216	2	1	1
g1342	0	6.98e-17	-0.171	0.1	-0.271	0.256	-1.16	0.343	204	1	1	1
g165	0	-6.14e-17	-0.171	0.1	-0.271	0.256	-1.16	0.181	187	1	1	1
g168	0	5.05e-16	-0.17	0.0996	-0.27	0.258	-1.16	0.857	238	1	1	1
g126	0	-5.34e-16	-0.17	0.0994	-0.269	0.259	-1.15	0.343	204	1	1	1
g751	0	3.4e-16	-0.169	0.0989	-0.268	0.261	-1.15	0.181	187	1	1	1
g143	0	-1.08e-16	-0.168	0.0988	-0.267	0.262	-1.14	0.573	221	1	1	1
g54	0	-2.35e-16	-0.168	0.0986	-0.267	0.263	-1.14	0.569	221	2	2	1
g982	0	1.95e-16	-0.206	0.121	-0.327	0.267	-1.13	0.343	204	1	1	1
g1206	0	-8.48e-17	-0.161	0.0943	-0.255	0.284	-1.09	0.857	238	1	1	1
HOXD9	1	3.64	3.67	3.63	0.0439	0.285	1.09	0.343	289	1	1	1
ZNF567	1	3.84	3.85	3.83	0.0152	0.287	1.08	0.391	285	1	1	1
g138	0	3.37e-16	-0.159	0.093	-0.252	0.291	-1.08	0.573	221	1	1	1
ZNF396	1	3.61	3.63	3.6	0.034	0.292	1.07	0.404	284	1	1	1
g100	0	-1.55e-16	-0.157	0.0922	-0.25	0.295	-1.07	0.573	221	1	1	1
g1282	0	5.72e-17	-0.157	0.0922	-0.249	0.295	-1.07	0.181	187	1	1	1
g183	0	-3.74e-16	-0.157	0.0922	-0.249	0.295	-1.07	0.857	255	1	1	1
g1189	0	-3.24e-17	-0.156	0.0915	-0.248	0.298	-1.06	0.857	238	1	1	1
g1209	0	1.2e-17	-0.156	0.0916	-0.248	0.298	-1.06	0.0837	170	1	1	1
g1201	0	1.96e-17	-0.155	0.0906	-0.245	0.303	-1.05	0.857	238	1	1	1
g43	0	4.05e-16	-0.154	0.0905	-0.245	0.304	-1.05	0.181	187	1	1	1
g1301	0	1.55e-16	0.154	-0.0902	0.244	0.305	1.04	0.181	306	1	1	1
g44	0	3.29e-16	-0.154	0.0901	-0.244	0.306	-1.04	0.857	238	1	1	1
g1336	0	-3.93e-16	-0.152	0.0889	-0.24	0.312	-1.03	0.573	221	1	1	1
g1256	0	-1.25e-16	-0.152	0.0888	-0.24	0.313	-1.03	0.573	221	1	1	1
g919	0	8.78e-17	-0.188	0.11	-0.298	0.316	-1.02	0.379	207	1	1	1
g827	0	1.24e-17	-0.181	0.106	-0.287	0.317	-1.01	0.443	212	1	1	1
g1275	0	-1.28e-16	-0.149	0.0876	-0.237	0.319	-1.01	0.0112	136	1	1	1
GTF3A	1	4.18	4.19	4.18	0.0116	0.32	1.01	0.181	306	1	1	1
g1215	0	6.4e-16	-0.149	0.0875	-0.237	0.32	-1.01	0.857	255	1	1	1
g197	0	5.05e-16	-0.149	0.0871	-0.236	0.322	-1.01	0.0837	170	1	1	1
g71	0	-2.02e-16	-0.146	0.0857	-0.232	0.33	-0.992	0.343	204	1	1	1
g55	0	2.65e-16	-0.146	0.0853	-0.231	0.332	-0.987	0.857	255	1	1	1
ZNF425	1	3.67	3.69	3.66	0.0297	0.334	0.981	0.32	291	1	1	1
g1320	0	5.82e-16	-0.144	0.0843	-0.228	0.338	-0.975	0.179	187	2	2	1
g1232	0	-4.11e-16	-0.143	0.084	-0.227	0.34	-0.972	0.181	187	1	1	1
g181	0	1.41e-16	-0.143	0.0838	-0.227	0.341	-0.969	0.0333	153	1	1	1
g64	0	-1.51e-16	-0.143	0.0836	-0.226	0.342	-0.966	0.573	221	1	1	1
g1207	0	-2.78e-17	-0.14	0.0821	-0.222	0.351	-0.949	0.343	204	1	1	1
g1251	0	-1.83e-16	-0.139	0.0817	-0.221	0.353	-0.945	0.0837	170	1	1	1
g196	0	-1.58e-16	-0.138	0.0809	-0.219	0.358	-0.935	0.0837	170	1	1	1
g1337	0	1.07e-16	-0.137	0.0806	-0.218	0.36	-0.931	0.573	272	1	1	1
g134	0	-1.61e-17	-0.137	0.0803	-0.217	0.361	-0.928	0.343	204	1	1	1
g182	0	7.67e-17	-0.137	0.0801	-0.217	0.363	-0.925	0.573	221	1	1	1
g115	0	-4.68e-16	-0.136	0.0798	-0.216	0.364	-0.923	0.573	221	1	1	1
g1170	0	1.66e-16	-0.136	0.0798	-0.216	0.364	-0.923	0.343	204	1	1	1
g1308	0	6.95e-17	-0.135	0.0792	-0.214	0.368	-0.916	0.856	238	2	2	1
g135	0	1.78e-16	-0.135	0.0791	-0.214	0.369	-0.914	0.573	221	1	1	1
g155	0	1.97e-16	-0.134	0.0784	-0.212	0.373	-0.906	0.573	221	1	1	1
g104	0	-1.52e-16	-0.131	0.077	-0.208	0.381	-0.89	0.343	204	1	1	1
g1190	0	2.52e-16	-0.131	0.0771	-0.209	0.381	-0.891	0.343	204	1	1	1
g1341	0	4.57e-16	-0.131	0.077	-0.208	0.381	-0.89	0.181	187	1	1	1
g1347	0	-4.84e-16	-0.131	0.077	-0.208	0.381	-0.89	0.573	221	1	1	1
g93	0	-5.72e-17	-0.131	0.0767	-0.208	0.383	-0.886	0.0837	170	2	2	1
g1222	0	-2.08e-16	-0.129	0.0759	-0.205	0.388	-0.877	0.343	204	1	1	1
g75	0	3.59e-16	-0.129	0.0758	-0.205	0.389	-0.876	0.339	204	2	2	1
g116	0	-1.96e-17	-0.128	0.0751	-0.203	0.393	-0.868	0.569	221	2	2	1
g65	0	2.87e-17	-0.128	0.075	-0.203	0.394	-0.867	0.569	221	2	2	1
g1274	0	-4.87e-16	0.127	-0.0746	0.202	0.396	0.862	0.857	255	1	1	1
g73	0	-5.22e-17	-0.127	0.0745	-0.201	0.397	-0.86	0.857	238	1	1	1
ZBTB45	1	3.92	3.93	3.91	0.0161	0.398	0.859	0.101	319	2	1	2
g1345	0	3.96e-16	-0.127	0.0744	-0.201	0.398	-0.859	0.343	204	1	1	1
g40	0	-1.45e-16	-0.127	0.0743	-0.201	0.398	-0.858	0.856	238	2	2	1
g58	0	-7.63e-17	0.127	-0.0743	0.201	0.398	0.858	0.569	272	2	2	1
g1260	0	-1.08e-16	-0.126	0.0741	-0.2	0.399	-0.856	0.573	221	1	1	1
g110	0	7.75e-17	-0.125	0.0735	-0.199	0.403	-0.849	0.343	204	1	1	1
g1291	0	1.53e-16	-0.124	0.073	-0.197	0.407	-0.842	0.857	238	1	1	1
g150	0	1.51e-18	-0.124	0.0727	-0.197	0.408	-0.84	0.179	187	2	2	1
g158	0	-1.9e-16	-0.123	0.0724	-0.196	0.41	-0.836	0.179	187	2	2	1
g1303	0	1.71e-16	-0.123	0.0723	-0.196	0.411	-0.835	0.573	221	1	1	1
g199	0	-1.75e-16	-0.123	0.0723	-0.196	0.411	-0.835	0.343	204	1	1	1
g32	0	-1.72e-16	-0.123	0.0719	-0.195	0.413	-0.831	0.857	238	1	1	1
g139	0	1.46e-16	-0.122	0.0715	-0.193	0.416	-0.825	0.857	238	1	1	1
g121	0	2.44e-16	-0.121	0.0712	-0.193	0.418	-0.822	0.857	238	1	1	1
g128	0	2.31e-16	-0.121	0.0712	-0.193	0.418	-0.822	0.343	204	1	1	1
g1338	0	-2.4e-17	-0.121	0.0712	-0.193	0.418	-0.822	0.573	221	1	1	1
g11	0	8.37e-17	-0.161	0.0944	-0.255	0.419	-0.819	0.47	214	1	1	1
g173	0	-2.83e-16	-0.121	0.0708	-0.192	0.42	-0.818	0.856	238	2	2	1
g673	0	1.5e-16	-0.121	0.0708	-0.192	0.42	-0.818	0.573	221	1	1	1
g20	0	6.94e-18	-0.12	0.0706	-0.191	0.422	-0.815	0.857	255	1	1	1
g26	0	-1.89e-16	-0.12	0.0706	-0.191	0.422	-0.815	0.339	204	2	2	1
g900	0	-8.92e-17	-0.146	0.0859	-0.232	0.422	-0.81	0.43	211	1	1	1
g137	0	2.28e-16	-0.12	0.0705	-0.191	0.423	-0.813	0.573	272	1	1	1
g148	0	-1.6e-17	-0.12	0.0704	-0.19	0.423	-0.813	0.857	255	1	1	1
g117	0	-1.26e-16	-0.12	0.0702	-0.19	0.424	-0.811	0.573	221	1	1	1
g1242	0	6.61e-17	-0.12	0.0701	-0.19	0.425	-0.809	0.857	238	1	1	1
g162	0	-2.29e-16	-0.119	0.0698	-0.189	0.427	-0.805	0.573	221	1	1	1
PEG3	1	3.63	3.65	3.62	0.0246	0.431	0.797	0.546	274	2	1	1
g1192	0	3.19e-16	-0.118	0.0691	-0.187	0.432	-0.798	0.343	204	1	1	1
g1348	0	-1.28e-16	0.118	-0.069	0.187	0.433	0.796	0.181	306	1	1	1
g153	0	3.05e-16	-0.117	0.0686	-0.186	0.435	-0.792	0.857	255	1	1	1
g38	0	-2.6e-16	-0.117	0.0687	-0.186	0.435	-0.793	0.573	221	1	1	1
g37	0	-3.05e-17	-0.117	0.0685	-0.185	0.436	-0.791	0.181	306	1	1	1
DLX4	1	3.34	3.38	3.31	0.0673	0.437	0.786	0.343	289	1	1	1
g69	0	1.34e-16	-0.116	0.0682	-0.185	0.438	-0.787	0.179	187	3	3	1
g1281	0	-3.36e-16	-0.116	0.068	-0.184	0.439	-0.785	0.857	255	1	1	1
g108	0	-1.76e-16	-0.115	0.0672	-0.182	0.444	-0.776	0.181	187	1	1	1
g1306	0	-9.1e-17	-0.115	0.0672	-0.182	0.444	-0.776	0.343	204	1	1	1
g192	0	6.83e-17	-0.114	0.0669	-0.181	0.447	-0.771	0.569	221	2	2	1
g1349	0	2.1e-16	-0.114	0.0667	-0.181	0.448	-0.77	0.181	187	1	1	1
g30	0	1.85e-16	-0.113	0.0665	-0.18	0.449	-0.767	0.573	221	1	1	1
g637	0	-5.13e-16	-0.114	0.0666	-0.18	0.449	-0.768	0.857	238	1	1	1
g943	0	2.01e-16	-0.148	0.0869	-0.235	0.449	-0.767	0.309	201	1	1	1
g23	0	1.6e-17	-0.113	0.0662	-0.179	0.451	-0.764	0.181	187	1	1	1
g706	0	1.91e-16	-0.113	0.0661	-0.179	0.452	-0.763	0.0837	170	2	2	1
g27	0	1.19e-16	-0.113	0.066	-0.179	0.453	-0.761	0.573	221	1	1	1
g157	0	9.23e-17	-0.112	0.0659	-0.178	0.454	-0.76	0.573	221	1	1	1
g839	0	5.79e-17	0.144	-0.0844	0.228	0.454	0.757	0.499	277	1	1	1
g1162	0	1.47e-16	-0.144	0.0842	-0.228	0.455	-0.755	0.513	217	1	1	1
g202	0	5.24e-17	-0.111	0.0654	-0.177	0.457	-0.754	0.181	187	1	1	1
g1276	0	5.26e-17	-0.111	0.0651	-0.176	0.459	-0.751	0.343	204	1	1	1
g114	0	4.13e-16	-0.11	0.0646	-0.175	0.462	-0.745	0.857	255	1	1	1
g52	0	-8.78e-17	-0.11	0.0644	-0.174	0.463	-0.743	0.573	221	1	1	1
g1283	0	-2.61e-16	-0.11	0.0643	-0.174	0.464	-0.742	0.573	221	1	1	1
NKX6-1	1	3.29	3.25	3.32	-0.0712	0.466	-0.738	0.62	224	1	1	1
g1268	0	1e-16	-0.109	0.0641	-0.173	0.466	-0.739	0.343	289	1	1	1
g1315	0	1.21e-16	0.109	-0.064	0.173	0.466	0.739	0.569	272	2	2	1
g1295	0	-4.68e-18	-0.109	0.0637	-0.172	0.469	-0.735	0.857	238	1	1	1
g869	0	2.26e-16	-0.144	0.0845	-0.229	0.471	-0.73	0.485	215	1	1	1
g111	0	4.58e-16	-0.108	0.0632	-0.171	0.472	-0.729	0.569	221	2	2	1
g124	0	-2.24e-16	-0.108	0.0632	-0.171	0.472	-0.729	0.856	238	2	2	1
g1221	0	1.87e-17	-0.107	0.0629	-0.17	0.474	-0.726	0.181	187	1	1	1
g719	0	2.05e-16	-0.107	0.0629	-0.17	0.474	-0.726	0.343	204	1	1	1
g1248	0	2.1e-16	-0.107	0.0628	-0.17	0.475	-0.724	0.343	204	1	1	1
g766	0	-1.22e-16	-0.107	0.0628	-0.17	0.475	-0.725	0.856	238	2	2	1
ZNF615	1	3.97	3.98	3.96	0.0198	0.48	0.714	0.404	284	1	1	1
g187	0	1.83e-17	-0.106	0.062	-0.168	0.481	-0.715	0.181	187	1	1	1
g1213	0	-2.64e-16	-0.105	0.0617	-0.167	0.482	-0.712	0.179	306	2	2	1
g1280	0	3.56e-16	-0.105	0.0615	-0.166	0.484	-0.709	0.569	221	2	2	1
MXD4	1	4.16	4.16	4.15	0.00828	0.485	0.709	0.753	261	1	1	1
g717	0	-4.8e-17	-0.104	0.0612	-0.166	0.486	-0.706	0.339	204	2	2	1
g760	0	4.4e-16	-0.104	0.0612	-0.166	0.486	-0.706	0.857	255	1	1	1
g1214	0	-2.01e-16	-0.104	0.061	-0.165	0.488	-0.703	0.857	255	1	1	1
g63	0	2.27e-16	-0.103	0.0605	-0.164	0.491	-0.698	0.857	255	1	1	1
g169	0	1.38e-16	-0.103	0.0604	-0.163	0.492	-0.697	0.569	221	2	2	1
g129	0	-7.89e-17	-0.103	0.0603	-0.163	0.493	-0.695	0.573	221	1	1	1
g39	0	-8.18e-17	-0.102	0.06	-0.162	0.494	-0.692	0.573	221	1	1	1
g146	0	-1.75e-16	-0.102	0.06	-0.162	0.495	-0.692	0.857	255	1	1	1
g13	0	-4.8e-16	-0.131	0.077	-0.208	0.498	-0.685	0.736	231	1	1	1
g763	0	-1.72e-16	0.102	-0.0596	0.161	0.498	0.687	0.569	221	2	2	1
g726	0	-2.83e-16	-0.101	0.0594	-0.161	0.499	-0.685	0.857	238	1	1	1
CREM	1	3.88	3.89	3.88	0.0151	0.502	0.681	0.822	257	1	1	1
g1237	0	-9.32e-17	-0.101	0.059	-0.16	0.502	-0.681	0.857	255	1	1	1
g1249	0	-2.83e-16	0.1	-0.0588	0.159	0.504	0.678	0.569	272	2	2	1
g198	0	-3.13e-16	-0.1	0.0587	-0.159	0.504	-0.676	0.343	204	1	1	1
g1230	0	4.86e-17	-0.0991	0.0581	-0.157	0.508	-0.67	0.343	204	1	1	1
g22	0	-2.05e-16	-0.0992	0.0582	-0.157	0.508	-0.671	0.181	187	1	1	1
g1195	0	1.67e-16	-0.0988	0.0579	-0.157	0.51	-0.668	0.857	238	1	1	1
g1198	0	5.98e-17	0.0987	-0.0578	0.156	0.51	0.667	0.573	221	1	1	1
g102	0	-3.37e-16	-0.0984	0.0577	-0.156	0.512	-0.665	0.339	204	2	2	1
g1312	0	6.34e-18	-0.0983	0.0576	-0.156	0.512	-0.664	0.857	238	1	1	1
g1264	0	1.57e-16	0.098	-0.0574	0.155	0.513	0.662	0.857	255	1	1	1
g1212	0	-8.54e-17	-0.0964	0.0565	-0.153	0.52	-0.651	0.857	238	1	1	1
g1314	0	7.1e-17	-0.0959	0.0562	-0.152	0.522	-0.648	0.857	238	1	1	1
g1325	0	1.51e-16	-0.0949	0.0557	-0.151	0.526	-0.641	0.181	187	1	1	1
g1225	0	7.54e-17	-0.0944	0.0554	-0.15	0.529	-0.638	0.343	204	1	1	1
RBAK	1	3.9	3.91	3.9	0.00688	0.531	0.632	0.62	269	1	1	1
g82	0	-1.17e-16	-0.0938	0.055	-0.149	0.531	-0.634	0.339	204	2	2	1
g119	0	-2.52e-16	-0.0925	0.0542	-0.147	0.537	-0.625	0.343	204	1	1	1
g1252	0	2.54e-16	-0.0919	0.0539	-0.146	0.54	-0.621	0.343	204	1	1	1
g176	0	1.33e-16	-0.0916	0.0537	-0.145	0.541	-0.618	0.343	204	1	1	1
g1155	0	-1.96e-16	-0.124	0.0724	-0.196	0.542	-0.616	0.604	223	1	1	1
g185	0	4.5e-17	-0.0904	0.053	-0.143	0.546	-0.611	0.857	255	1	1	1
BACH1	1	3.94	3.94	3.93	0.00812	0.548	0.607	0.457	280	1	1	1
g1318	0	1.93e-16	-0.0899	0.0527	-0.143	0.549	-0.607	0.181	187	1	1	1
g1203	0	-1.14e-16	-0.0894	0.0524	-0.142	0.551	-0.604	0.857	255	1	1	1
g112	0	-4.69e-17	-0.0892	0.0523	-0.142	0.552	-0.603	0.573	221	1	1	1
g1231	0	1.52e-16	-0.0891	0.0523	-0.141	0.552	-0.602	0.857	255	1	1	1
g1186	0	1.52e-16	-0.0888	0.0521	-0.141	0.553	-0.6	0.857	255	1	1	1
g1172	0	-6.15e-16	0.0887	-0.052	0.141	0.554	0.599	0.857	238	1	1	1
g144	0	-2.34e-16	-0.0876	0.0513	-0.139	0.559	-0.591	0.573	221	1	1	1
g133	0	-7.35e-17	-0.0872	0.0511	-0.138	0.56	-0.589	0.573	272	1	1	1
g18	0	-1.09e-16	-0.0871	0.0511	-0.138	0.561	-0.589	0.857	255	1	1	1
g1300	0	1.13e-16	-0.0867	0.0508	-0.138	0.563	-0.586	0.343	204	1	1	1
g1343	0	-2.37e-16	-0.0866	0.0508	-0.137	0.563	-0.585	0.857	255	1	1	1
g1330	0	-4.29e-17	-0.0861	0.0505	-0.137	0.566	-0.581	0.569	221	2	2	1
g57	0	-1.94e-16	-0.0861	0.0505	-0.137	0.566	-0.581	0.573	272	1	1	1
g734	0	-1.61e-16	0.0859	-0.0504	0.136	0.566	0.58	0.573	272	1	1	1
g125	0	-1.44e-16	-0.0854	0.05	-0.135	0.569	-0.576	0.573	221	1	1	1
g1333	0	2.19e-16	-0.0848	0.0497	-0.135	0.571	-0.573	0.179	187	2	2	1
g62	0	-1.58e-16	-0.0842	0.0494	-0.134	0.574	-0.569	0.343	204	1	1	1
g164	0	-4.97e-16	-0.0841	0.0493	-0.133	0.575	-0.568	0.573	221	1	1	1
g167	0	9.26e-17	-0.084	0.0493	-0.133	0.575	-0.567	0.343	204	1	1	1
g84	0	2.63e-16	-0.0838	0.0491	-0.133	0.576	-0.566	0.573	221	1	1	1
CUX1	1	4.04	4.03	4.04	-0.00767	0.577	-0.563	0.617	224	2	2	1
g738	0	-4.44e-16	-0.0817	0.0479	-0.13	0.586	-0.552	0.573	221	1	1	1
g1286	0	-8.22e-17	0.0815	-0.0478	0.129	0.587	0.55	0.339	289	2	2	1
g1332	0	-9.35e-17	-0.0815	0.0478	-0.129	0.587	-0.55	0.343	289	1	1	1
g1261	0	-3.15e-16	-0.0799	0.0469	-0.127	0.594	-0.54	0.857	238	1	1	1
g1298	0	7.09e-17	-0.0799	0.0468	-0.127	0.594	-0.54	0.857	238	1	1	1
g1262	0	1.24e-16	-0.0793	0.0465	-0.126	0.597	-0.535	0.343	204	1	1	1
g156	0	4.77e-17	-0.0786	0.0461	-0.125	0.6	-0.531	0.181	187	1	1	1
BBX	1	3.96	3.97	3.96	0.00845	0.601	0.529	0.857	255	1	1	1
TET1	1	3.52	3.49	3.54	-0.0442	0.603	-0.53	0.558	273	1	1	1
ZNF674	1	3.7	3.69	3.7	-0.011	0.603	-0.524	0.652	226	1	1	1
g1179	0	2.12e-16	-0.077	0.0452	-0.122	0.607	-0.52	0.0837	170	1	1	1
g1220	0	4.04e-16	0.0772	-0.0452	0.122	0.607	0.521	0.573	272	1	1	1
g3	0	-3.55e-16	-0.0989	0.058	-0.157	0.612	-0.512	0.685	228	1	1	1
g667	0	-1.34e-16	-0.0759	0.0445	-0.12	0.612	-0.512	0.573	221	1	1	1
g1244	0	-1.02e-16	0.0756	-0.0443	0.12	0.614	0.51	0.573	272	1	1	1
ZNF45	1	3.88	3.87	3.88	-0.00687	0.615	-0.509	0.736	231	1	1	1
g1175	0	2.77e-16	-0.0754	0.0442	-0.12	0.615	-0.509	0.857	238	1	1	1
g1271	0	1.16e-16	-0.0754	0.0442	-0.12	0.615	-0.509	0.573	221	1	1	1
g1329	0	5.36e-16	-0.0753	0.0441	-0.119	0.615	-0.508	0.857	238	1	1	1
g89	0	5.25e-17	-0.0751	0.044	-0.119	0.616	-0.507	0.856	238	2	2	1
g1355	0	6e-17	-0.075	0.044	-0.119	0.617	-0.506	0.343	204	1	1	1
g1322	0	6.55e-17	-0.0745	0.0437	-0.118	0.619	-0.503	0.856	238	3	3	1
g731	0	2.1e-16	0.0744	-0.0436	0.118	0.619	0.502	0.573	221	1	1	1
ZNF555	1	3.71	3.7	3.71	-0.00937	0.622	-0.497	0.875	239	1	1	1
CREBL2	1	4.06	4.06	4.07	-0.00716	0.624	-0.495	0.702	229	1	1	1
g159	0	9.48e-17	-0.0735	0.0431	-0.117	0.624	-0.496	0.856	255	2	2	1
g31	0	4.36e-17	-0.0735	0.0431	-0.117	0.624	-0.496	0.856	255	2	2	1
g36	0	-1.07e-16	-0.0734	0.043	-0.116	0.624	-0.495	0.857	255	1	1	1
g1350	0	-1.91e-16	-0.0731	0.0429	-0.116	0.625	-0.494	0.857	255	1	1	1
g1313	0	-2.12e-16	-0.0727	0.0426	-0.115	0.627	-0.491	0.857	238	1	1	1
g1331	0	-7.23e-17	-0.0728	0.0426	-0.115	0.627	-0.491	0.857	238	1	1	1
g2	0	-1.85e-16	-0.0933	0.0547	-0.148	0.628	-0.489	0.417	210	1	1	1
g1187	0	-3.5e-16	0.072	-0.0422	0.114	0.631	0.486	0.343	289	1	1	1
g127	0	-5.74e-17	-0.071	0.0416	-0.113	0.636	-0.479	0.179	187	2	2	1
g87	0	-7.54e-17	-0.0703	0.0412	-0.112	0.639	-0.474	0.856	238	2	2	1
g34	0	5.31e-17	-0.0702	0.0411	-0.111	0.64	-0.473	0.343	204	1	1	1
g1278	0	2.11e-16	-0.0699	0.041	-0.111	0.641	-0.472	0.573	221	1	1	1
g1247	0	1.56e-16	-0.0696	0.0408	-0.11	0.642	-0.469	0.857	238	1	1	1
g77	0	3.21e-16	-0.0693	0.0406	-0.11	0.644	-0.467	0.181	187	1	1	1
TOX4	1	4.06	4.06	4.06	-0.00435	0.647	-0.462	0.91	241	1	1	1
g1356	0	-2.44e-16	0.0687	-0.0403	0.109	0.647	0.463	0.573	272	1	1	1
g1228	0	1.89e-16	-0.0678	0.0398	-0.108	0.651	-0.458	0.343	204	1	1	1
g145	0	-1.94e-16	-0.0677	0.0397	-0.107	0.651	-0.457	0.857	255	1	1	1
g101	0	2.34e-16	-0.0676	0.0396	-0.107	0.652	-0.456	0.856	238	2	2	1
g1284	0	1.54e-16	0.0674	-0.0395	0.107	0.653	0.455	0.343	289	1	1	1
g1238	0	9.63e-17	-0.067	0.0393	-0.106	0.655	-0.452	0.181	187	1	1	1
g6	0	-1.75e-16	-0.087	0.051	-0.138	0.656	-0.45	0.543	219	1	1	1
g97	0	-8.81e-17	-0.0668	0.0391	-0.106	0.656	-0.451	0.573	221	1	1	1
g42	0	1.49e-16	-0.0666	0.039	-0.106	0.657	-0.449	0.569	221	2	2	1
g41	0	-2.77e-16	-0.0657	0.0385	-0.104	0.661	-0.443	0.573	221	1	1	1
g1211	0	-5.86e-17	-0.0654	0.0383	-0.104	0.662	-0.441	0.857	255	1	1	1
g754	0	2.14e-16	0.0655	-0.0384	0.104	0.662	0.442	0.857	255	1	1	1
g1235	0	5.04e-17	0.0652	-0.0382	0.103	0.663	0.44	0.339	289	2	2	1
g203	0	1.78e-17	-0.0652	0.0382	-0.103	0.663	-0.44	0.857	238	1	1	1
g1197	0	-3.03e-16	0.0647	-0.0379	0.103	0.666	0.437	0.181	306	1	1	1
g851	0	3.16e-16	-0.0834	0.0489	-0.132	0.666	-0.435	0.573	221	1	1	1
g1245	0	-2.35e-16	-0.0641	0.0375	-0.102	0.669	-0.432	0.339	204	2	2	1
g194	0	-3.62e-16	-0.0636	0.0373	-0.101	0.671	-0.429	0.573	221	1	1	1
g1257	0	-6.68e-17	-0.0636	0.0373	-0.101	0.671	-0.429	0.343	204	1	1	1
g92	0	1.02e-16	-0.0629	0.0369	-0.0998	0.675	-0.424	0.181	187	1	1	1
g1174	0	-3.83e-16	0.0626	-0.0367	0.0993	0.676	0.422	0.343	289	1	1	1
g1178	0	-3.76e-16	-0.0626	0.0367	-0.0993	0.676	-0.422	0.857	238	1	1	1
g1233	0	3.84e-16	0.0627	-0.0367	0.0994	0.676	0.423	0.857	255	1	1	1
g70	0	1.65e-16	0.0627	-0.0367	0.0994	0.676	0.423	0.573	272	1	1	1
g74	0	3.04e-16	0.0625	-0.0366	0.0992	0.676	0.422	0.181	306	1	1	1
g1340	0	-1.35e-16	-0.0621	0.0364	-0.0985	0.678	-0.419	0.573	272	1	1	1
g1169	0	1.84e-16	-0.0803	0.047	-0.127	0.68	-0.416	0.753	232	1	1	1
E2F6	1	3.91	3.91	3.91	0.00563	0.682	0.415	0.893	253	1	1	1
g103	0	-3.35e-16	0.0612	-0.0359	0.0971	0.683	0.413	0.857	255	1	1	1
g160	0	2.52e-17	-0.061	0.0358	-0.0968	0.684	-0.412	0.343	204	1	1	1
g170	0	-1.83e-16	-0.0607	0.0356	-0.0964	0.685	-0.41	0.573	221	1	1	1
g200	0	-7.54e-17	-0.0608	0.0356	-0.0964	0.685	-0.41	0.857	238	1	1	1
g1157	0	2.56e-17	-0.0773	0.0453	-0.123	0.687	-0.406	0.604	223	1	1	1
g1154	0	1.86e-16	-0.0789	0.0463	-0.125	0.687	-0.407	0.857	238	1	1	1
g1243	0	2.41e-16	-0.0598	0.035	-0.0948	0.69	-0.403	0.343	289	1	1	1
ISL1	1	3.11	3.07	3.13	-0.0565	0.694	-0.397	0.839	237	1	1	1
g1180	0	-2.7e-17	-0.0586	0.0343	-0.0929	0.696	-0.395	0.857	238	1	1	1
ZNF479	1	2.49	2.46	2.51	-0.0468	0.698	-0.392	0.569	221	2	1	2
TOX3	1	3.65	3.63	3.66	-0.0344	0.701	-0.389	0.674	266	2	1	1
g45	0	-3.86e-17	-0.057	0.0334	-0.0904	0.704	-0.384	0.573	221	1	1	1
g78	0	3.38e-16	0.0568	-0.0333	0.0902	0.704	0.383	0.857	255	1	1	1
CSDA	1	4.22	4.22	4.23	-0.0096	0.709	-0.377	0.4	209	2	2	1
g1161	0	-4.53e-16	0.0708	-0.0415	0.112	0.711	0.374	0.604	270	1	1	1
g1258	0	6.41e-17	-0.0553	0.0324	-0.0877	0.712	-0.373	0.857	255	1	1	1
g98	0	-5.12e-17	-0.0551	0.0323	-0.0875	0.713	-0.372	0.343	204	1	1	1
g14	0	2.56e-16	-0.0737	0.0432	-0.117	0.714	-0.37	0.928	242	1	1	1
g5	0	-5.16e-17	-0.0741	0.0434	-0.117	0.714	-0.369	0.91	241	1	1	1
g683	0	-2.6e-16	0.0549	-0.0322	0.0871	0.714	0.37	0.857	238	1	1	1
g1304	0	1.43e-16	0.0543	-0.0318	0.0861	0.717	0.366	0.857	238	1	1	1
g1309	0	-1.24e-16	-0.0537	0.0315	-0.0852	0.72	-0.362	0.857	238	1	1	1
g48	0	-2e-16	-0.0537	0.0315	-0.0851	0.72	-0.362	0.857	255	1	1	1
g120	0	-1.92e-16	-0.0523	0.0307	-0.083	0.727	-0.353	0.339	204	2	2	1
g49	0	-2.11e-18	-0.0523	0.0307	-0.0829	0.727	-0.353	0.343	204	1	1	1
g660	0	-3.45e-16	-0.0521	0.0306	-0.0827	0.728	-0.352	0.857	238	1	1	1
g1270	0	2.12e-16	-0.0519	0.0304	-0.0824	0.729	-0.35	0.0837	170	1	1	1
g1223	0	-3.62e-17	-0.0513	0.03	-0.0813	0.732	-0.346	0.573	221	1	1	1
g1285	0	-1.64e-17	-0.0514	0.0301	-0.0815	0.732	-0.346	0.573	221	1	1	1
g1335	0	2.14e-17	-0.0512	0.03	-0.0813	0.732	-0.345	0.857	238	1	1	1
g175	0	3.79e-16	-0.0514	0.0301	-0.0815	0.732	-0.346	0.857	238	1	1	1
g191	0	-1.31e-16	-0.0513	0.0301	-0.0814	0.732	-0.346	0.857	255	1	1	1
g671	0	5.52e-17	-0.0507	0.0297	-0.0804	0.735	-0.342	0.0837	170	1	1	1
g1346	0	2.07e-16	-0.0503	0.0295	-0.0798	0.737	-0.339	0.857	255	1	1	1
g716	0	-1.81e-18	-0.0504	0.0295	-0.0799	0.737	-0.34	0.569	221	2	2	1
g1191	0	-1.5e-16	-0.0501	0.0294	-0.0795	0.738	-0.338	0.573	272	1	1	1
g636	0	-1.72e-16	0.0496	-0.0291	0.0787	0.74	0.335	0.569	272	2	2	1
g749	0	1.21e-17	-0.0494	0.029	-0.0784	0.741	-0.333	0.569	272	2	2	1
g142	0	8.64e-17	-0.0492	0.0289	-0.0781	0.742	-0.332	0.573	272	1	1	1
g1305	0	-1.52e-16	-0.0492	0.0288	-0.078	0.743	-0.332	0.856	238	2	2	1
g1326	0	5.09e-16	0.0488	-0.0286	0.0774	0.745	0.329	0.857	238	1	1	1
g1163	0	-1.81e-16	-0.0634	0.0372	-0.101	0.747	-0.325	0.875	239	1	1	1
g1357	0	2.56e-16	-0.0478	0.028	-0.0757	0.75	-0.322	0.857	238	1	1	1
g1	0	-1.32e-16	-0.06	0.0352	-0.0952	0.754	-0.316	0.652	226	1	1	1
g151	0	1.85e-16	-0.0458	0.0269	-0.0727	0.76	-0.309	0.573	221	1	1	1
g201	0	-1.18e-17	-0.0458	0.0269	-0.0727	0.76	-0.309	0.343	204	1	1	1
g53	0	-1.75e-16	0.0458	-0.0269	0.0727	0.76	0.309	0.573	272	1	1	1
g50	0	-3.14e-17	-0.0456	0.0267	-0.0723	0.761	-0.307	0.857	238	1	1	1
g1353	0	1.12e-16	-0.0452	0.0265	-0.0718	0.763	-0.305	0.573	272	1	1	1
g629	0	2.47e-16	-0.0453	0.0265	-0.0718	0.763	-0.305	0.573	272	1	1	1
g113	0	1.27e-16	-0.0447	0.0262	-0.0709	0.765	-0.301	0.573	221	1	1	1
g16	0	-7.23e-17	-0.0595	0.0349	-0.0944	0.765	-0.301	0.636	225	1	1	1
g727	0	1.85e-16	0.0448	-0.0263	0.071	0.765	0.302	0.179	306	2	2	1
g1307	0	-3.97e-16	0.0445	-0.0261	0.0707	0.766	0.3	0.569	221	2	2	1
g672	0	-1.44e-16	0.0442	-0.0259	0.07	0.768	0.298	0.343	289	1	1	1
g1317	0	1.92e-16	0.0438	-0.0257	0.0695	0.77	0.296	0.573	272	1	1	1
g1323	0	5.73e-17	-0.0436	0.0256	-0.0692	0.771	-0.294	0.573	272	1	1	1
g171	0	2.11e-16	-0.0436	0.0256	-0.0692	0.771	-0.294	0.857	238	1	1	1
g190	0	2.13e-16	-0.043	0.0252	-0.0682	0.774	-0.29	0.857	238	1	1	1
g132	0	3.54e-16	-0.0424	0.0249	-0.0673	0.777	-0.286	0.857	255	1	1	1
g821	0	1.21e-18	-0.0537	0.0315	-0.0852	0.777	-0.285	0.857	238	1	1	1
g1156	0	-6.89e-17	-0.0555	0.0326	-0.0881	0.778	-0.284	0.62	224	1	1	1
g193	0	1.07e-16	0.0417	-0.0244	0.0661	0.781	0.281	0.856	238	2	2	1
g1267	0	-3.14e-16	-0.0413	0.0242	-0.0656	0.783	-0.279	0.573	221	1	1	1
g46	0	-1.47e-16	-0.0408	0.0239	-0.0646	0.786	-0.275	0.573	221	1	1	1
g235	0	-4.11e-16	-0.0604	0.0354	-0.0959	0.786	-0.274	0.685	228	1	1	1
g1216	0	5.23e-17	0.0405	-0.0237	0.0642	0.787	0.273	0.181	306	1	1	1
g1297	0	1.37e-17	-0.0404	0.0237	-0.0641	0.787	-0.272	0.573	221	1	1	1
g1324	0	-3.77e-17	0.0395	-0.0232	0.0627	0.792	0.267	0.857	238	1	1	1
g641	0	2.25e-16	-0.0395	0.0231	-0.0626	0.792	-0.266	0.573	272	1	1	1
g1311	0	-1.19e-17	-0.039	0.0229	-0.0619	0.794	-0.263	0.857	255	1	1	1
g1310	0	-2.15e-16	0.0389	-0.0228	0.0617	0.795	0.262	0.573	272	1	1	1
g180	0	-1.37e-16	-0.0386	0.0226	-0.0612	0.797	-0.26	0.857	255	1	1	1
FOXD3	1	3	2.98	3.02	-0.0393	0.799	-0.256	0.753	232	1	1	1
g95	0	1.06e-16	-0.0379	0.0222	-0.0602	0.8	-0.256	0.339	289	2	2	1
g1205	0	3.41e-17	-0.0375	0.022	-0.0595	0.802	-0.253	0.343	204	1	1	1
g1181	0	-2.34e-16	0.0369	-0.0216	0.0585	0.805	0.249	0.857	255	1	1	1
g1229	0	-1.36e-18	-0.0369	0.0216	-0.0585	0.806	-0.248	0.856	238	2	2	1
g15	0	-2.14e-16	-0.0483	0.0283	-0.0767	0.807	-0.246	1	246	1	1	1
g1183	0	-4.69e-16	0.0364	-0.0213	0.0578	0.808	0.245	0.857	238	1	1	1
g166	0	3.7e-17	0.0362	-0.0212	0.0574	0.809	0.244	0.857	238	1	1	1
g1273	0	1.7e-16	-0.036	0.0211	-0.0571	0.81	-0.243	0.856	255	2	2	1
g1289	0	-9.34e-17	-0.0361	0.0212	-0.0573	0.81	-0.243	0.857	238	1	1	1
g1316	0	6.92e-17	0.0356	-0.0209	0.0564	0.812	0.24	0.573	272	1	1	1
g1164	0	2.36e-17	0.045	-0.0264	0.0713	0.815	0.236	0.928	251	1	1	1
g1265	0	2.29e-17	-0.0347	0.0204	-0.0551	0.817	-0.234	0.569	272	2	2	1
g1224	0	-1.4e-16	-0.034	0.02	-0.054	0.82	-0.229	0.573	221	1	1	1
g1167	0	-1.88e-16	-0.044	0.0258	-0.0698	0.821	-0.228	0.736	231	1	1	1
g177	0	4.97e-16	-0.0339	0.0199	-0.0538	0.821	-0.229	0.343	289	1	1	1
g79	0	2.17e-16	-0.0336	0.0197	-0.0534	0.822	-0.227	0.857	238	1	1	1
g1196	0	-3.33e-16	-0.0332	0.0195	-0.0527	0.825	-0.224	0.857	255	1	1	1
g172	0	-1.58e-17	-0.0329	0.0193	-0.0522	0.826	-0.222	0.343	204	1	1	1
g81	0	-1.37e-16	-0.033	0.0193	-0.0523	0.826	-0.222	0.339	204	2	2	1
g1272	0	-1.8e-16	-0.0328	0.0192	-0.052	0.827	-0.221	0.857	238	1	1	1
g1269	0	-1.01e-16	0.0325	-0.019	0.0515	0.828	0.219	0.181	306	1	1	1
g1296	0	2.35e-16	0.0324	-0.019	0.0514	0.829	0.218	0.857	238	1	1	1
g186	0	9.25e-17	0.0324	-0.019	0.0514	0.829	0.218	0.857	238	1	1	1
g604	0	-4.24e-17	-0.0415	0.0243	-0.0658	0.83	-0.216	0.685	228	1	1	1
g25	0	-1.04e-16	-0.0319	0.0187	-0.0507	0.831	-0.215	0.343	289	1	1	1
g704	0	-1.35e-16	-0.0316	0.0185	-0.0501	0.833	-0.213	0.573	221	1	1	1
g1239	0	-1.98e-16	0.0305	-0.0179	0.0484	0.838	0.206	0.343	289	1	1	1
g1254	0	-2.22e-18	-0.0303	0.0177	-0.048	0.84	-0.204	0.573	272	1	1	1
g1202	0	2.23e-16	-0.0301	0.0177	-0.0478	0.841	-0.203	0.857	238	1	1	1
g1334	0	1.64e-16	-0.03	0.0176	-0.0476	0.841	-0.202	0.343	204	1	1	1
g178	0	-8.95e-17	0.0297	-0.0174	0.0471	0.843	0.2	0.857	238	1	1	1
g85	0	1.38e-16	-0.0296	0.0174	-0.047	0.843	-0.2	0.569	272	2	2	1
g109	0	-1.82e-16	-0.029	0.017	-0.046	0.846	-0.195	0.857	238	1	1	1
g1344	0	-2.54e-16	-0.0287	0.0168	-0.0455	0.848	-0.193	0.857	238	1	1	1
g105	0	3.88e-17	-0.0283	0.0166	-0.045	0.85	-0.191	0.573	221	1	1	1
g381	0	2.36e-17	-0.0414	0.0242	-0.0656	0.851	-0.189	0.982	248	1	1	1
g1241	0	2.99e-16	0.0279	-0.0164	0.0443	0.852	0.188	0.573	221	1	1	1
g19	0	-3.84e-16	-0.0278	0.0163	-0.0442	0.853	-0.188	0.343	204	1	1	1
g1188	0	8.03e-17	0.0276	-0.0162	0.0438	0.854	0.186	0.857	238	1	1	1
g1352	0	5.33e-17	-0.0273	0.016	-0.0433	0.855	-0.184	0.181	306	1	1	1
g1168	0	2.98e-16	-0.0353	0.0207	-0.056	0.856	-0.183	0.893	253	1	1	1
g1259	0	1.56e-16	-0.0271	0.0159	-0.0429	0.857	-0.182	0.573	221	1	1	1
g1290	0	-1.92e-16	0.0265	-0.0155	0.0421	0.859	0.179	0.573	272	1	1	1
g94	0	-3.47e-17	0.0265	-0.0155	0.0421	0.859	0.179	0.856	255	2	2	1
g1160	0	2.61e-16	-0.034	0.0199	-0.0539	0.861	-0.176	0.91	241	1	1	1
g1292	0	-3.27e-16	-0.0262	0.0153	-0.0415	0.861	-0.176	0.573	221	1	1	1
g130	0	8.21e-17	-0.0259	0.0152	-0.0411	0.862	-0.175	0.573	221	1	1	1
g1182	0	3.28e-16	0.0254	-0.0149	0.0402	0.865	0.171	0.857	255	1	1	1
g1294	0	1.81e-16	0.0254	-0.0149	0.0403	0.865	0.171	0.857	255	1	1	1
g1339	0	3.37e-16	-0.0254	0.0149	-0.0403	0.865	-0.171	0.857	238	1	1	1
g1354	0	2.53e-16	-0.0255	0.015	-0.0405	0.865	-0.172	0.857	255	1	1	1
g1279	0	-3.25e-16	0.0251	-0.0147	0.0398	0.867	0.169	0.857	255	1	1	1
g90	0	-3.9e-16	-0.0251	0.0147	-0.0399	0.867	-0.169	0.343	204	1	1	1
g736	0	-5.12e-17	0.0249	-0.0146	0.0394	0.868	0.167	0.857	238	1	1	1
g1319	0	-4.7e-16	-0.0248	0.0145	-0.0393	0.869	-0.167	0.569	221	2	2	1
g141	0	4.99e-16	-0.0245	0.0144	-0.0389	0.87	-0.165	0.573	221	1	1	1
g611	0	-4.61e-16	0.0317	-0.0186	0.0503	0.873	0.161	0.77	260	1	1	1
ARID4A	1	3.89	3.89	3.89	-0.00171	0.874	-0.16	0.357	206	2	1	1
g123	0	-2.68e-16	-0.0238	0.0139	-0.0377	0.874	-0.16	0.857	255	1	1	1
g1236	0	-2.96e-16	0.0235	-0.0138	0.0373	0.875	0.159	0.569	272	2	2	1
g1263	0	-4.29e-16	-0.0233	0.0137	-0.037	0.876	-0.157	0.343	204	1	1	1
g1287	0	-3.98e-16	0.0233	-0.0137	0.0369	0.876	0.157	0.569	272	2	2	1
ZNF224	1	3.67	3.68	3.67	0.00787	0.879	0.154	0.669	227	1	1	1
g10	0	-1.35e-16	0.03	-0.0176	0.0476	0.879	0.154	0.875	254	1	1	1
POU4F3	1	2.59	2.6	2.58	0.0206	0.88	0.152	0.546	274	2	1	2
g1199	0	-4.13e-17	0.0223	-0.0131	0.0354	0.881	0.15	0.181	306	1	1	1
g122	0	-8.84e-17	-0.0224	0.0131	-0.0355	0.881	-0.151	0.0837	170	2	2	1
g7	0	-6.14e-17	-0.0295	0.0173	-0.0468	0.882	-0.15	0.753	232	1	1	1
g748	0	2.95e-16	-0.022	0.0129	-0.0348	0.883	-0.148	0.569	221	2	2	1
g1288	0	4.54e-16	0.0218	-0.0128	0.0346	0.884	0.147	0.569	272	2	2	1
g1193	0	-2.21e-17	0.0205	-0.012	0.0324	0.891	0.138	0.857	255	1	1	1
g1240	0	7.78e-17	0.0203	-0.0119	0.0323	0.892	0.137	0.857	238	1	1	1
g56	0	-4.04e-16	0.0204	-0.0119	0.0323	0.892	0.137	0.569	272	2	2	1
g1277	0	6.5e-17	-0.0201	0.0118	-0.0319	0.893	-0.135	0.857	238	1	1	1
g648	0	8.67e-18	-0.0202	0.0118	-0.032	0.893	-0.136	0.857	255	1	1	1
g1293	0	2.88e-16	-0.02	0.0117	-0.0317	0.894	-0.135	0.573	221	1	1	1
g1184	0	2.13e-16	0.0196	-0.0115	0.031	0.896	0.132	0.181	187	1	1	1
g1194	0	-3.2e-16	-0.0196	0.0115	-0.0311	0.896	-0.132	0.573	272	1	1	1
g1327	0	2.34e-18	-0.0191	0.0112	-0.0304	0.898	-0.129	0.857	238	1	1	1
g174	0	3.72e-16	-0.0189	0.0111	-0.03	0.899	-0.128	0.573	221	1	1	1
g51	0	2.29e-16	-0.0191	0.0112	-0.0302	0.899	-0.128	0.857	255	1	1	1
g154	0	-2.07e-16	0.0189	-0.0111	0.0299	0.9	0.127	0.569	221	2	2	1
g1234	0	-6.83e-17	-0.0178	0.0104	-0.0282	0.906	-0.12	0.343	204	1	1	1
g9	0	-3.32e-18	0.0231	-0.0135	0.0367	0.909	0.116	0.946	243	1	1	1
g91	0	1.39e-16	0.0169	-0.00992	0.0268	0.91	0.114	0.343	204	1	1	1
g1166	0	-9.67e-17	-0.0217	0.0127	-0.0344	0.912	-0.111	0.893	240	1	1	1
g1173	0	2.7e-16	-0.0165	0.00965	-0.0261	0.912	-0.111	0.857	238	1	1	1
g1171	0	-1.54e-16	-0.0161	0.00945	-0.0256	0.914	-0.109	0.573	221	1	1	1
TEAD3	1	3.97	3.97	3.97	0.002	0.915	0.108	0.946	250	1	1	1
g136	0	7.65e-17	0.0159	-0.00934	0.0253	0.915	0.107	0.856	238	2	2	1
g1227	0	-3.57e-16	-0.0157	0.00919	-0.0249	0.917	-0.106	0.573	272	1	1	1
g1219	0	-1.13e-16	-0.0155	0.00908	-0.0246	0.918	-0.104	0.857	255	1	1	1
g161	0	-4.29e-17	0.0153	-0.00898	0.0243	0.918	0.103	0.569	272	2	2	1
g33	0	6.83e-17	-0.0153	0.00896	-0.0242	0.919	-0.103	0.573	272	1	1	1
g1351	0	-3.17e-16	0.0151	-0.00887	0.024	0.92	0.102	0.573	272	1	1	1
g29	0	-3.5e-16	-0.0151	0.00884	-0.0239	0.92	-0.102	0.573	221	1	1	1
g619	0	-4.43e-17	-0.015	0.0088	-0.0238	0.92	-0.101	0.573	221	1	1	1
MTA1	1	4.11	4.11	4.11	-0.00175	0.922	-0.0985	0.928	242	1	1	1
g149	0	-1.81e-16	-0.0142	0.00835	-0.0226	0.924	-0.096	0.343	289	1	1	1
g195	0	2.15e-16	0.014	-0.00822	0.0222	0.925	0.0944	0.181	306	1	1	1
g17	0	9e-17	0.0139	-0.00812	0.022	0.926	0.0934	0.857	255	1	1	1
ZNF606	1	3.87	3.87	3.87	0.00138	0.929	0.0903	0.964	249	1	1	1
g188	0	1.7e-16	0.0124	-0.00725	0.0196	0.934	0.0834	0.857	255	1	1	1
g1185	0	2.18e-16	0.0114	-0.00669	0.0181	0.939	0.0769	0.573	272	1	1	1
g743	0	8.73e-17	-0.0112	0.00656	-0.0178	0.94	-0.0754	0.573	272	1	1	1
g1200	0	1.48e-16	0.0111	-0.00649	0.0176	0.941	0.0746	0.857	238	1	1	1
g1299	0	2.77e-16	-0.0105	0.00615	-0.0166	0.944	-0.0707	0.857	255	1	1	1
g1176	0	-4.15e-16	0.0102	-0.00595	0.0161	0.946	0.0684	0.857	238	1	1	1
g1321	0	4.23e-16	-0.0101	0.00594	-0.0161	0.946	-0.0682	0.856	255	2	2	1
g1246	0	-2.94e-16	-0.00975	0.00572	-0.0155	0.948	-0.0657	0.857	255	1	1	1
g1302	0	-2.56e-17	-0.00942	0.00552	-0.0149	0.95	-0.0635	0.856	238	2	2	1
g204	0	4.7e-16	0.00934	-0.00547	0.0148	0.95	0.0629	0.857	238	1	1	1
g1217	0	-2.24e-17	0.00917	-0.00538	0.0146	0.951	0.0618	0.857	238	1	1	1
g1226	0	-9.01e-17	-0.00913	0.00535	-0.0145	0.951	-0.0615	0.857	255	1	1	1
g1208	0	3.62e-16	0.00854	-0.00501	0.0135	0.955	0.0575	0.339	289	2	2	1
g627	0	4.6e-16	0.00851	-0.00499	0.0135	0.955	0.0574	0.857	255	1	1	1
g1250	0	-1.63e-16	-0.00824	0.00483	-0.0131	0.956	-0.0555	0.573	221	1	1	1
g66	0	-1.12e-16	0.00823	-0.00483	0.0131	0.956	0.0555	0.569	221	2	2	1
g189	0	3.29e-16	0.00799	-0.00469	0.0127	0.957	0.0539	0.343	204	1	1	1
g8	0	7.66e-18	-0.00985	0.00577	-0.0156	0.96	-0.0508	0.753	261	1	1	1
g1328	0	1.4e-16	-0.00726	0.00426	-0.0115	0.961	-0.0489	0.857	255	1	1	1
g24	0	-1.86e-16	0.00733	-0.00429	0.0116	0.961	0.0494	0.857	255	1	1	1
g35	0	-7.22e-18	-0.00713	0.00418	-0.0113	0.962	-0.048	0.857	238	1	1	1
g47	0	2.18e-16	0.00708	-0.00415	0.0112	0.962	0.0477	0.857	238	1	1	1
g1165	0	-2.49e-16	0.00884	-0.00518	0.014	0.964	0.0456	0.589	271	1	1	1
g152	0	-4.88e-16	-0.00681	0.00399	-0.0108	0.964	-0.0459	0.343	289	1	1	1
g88	0	1.03e-16	-0.00662	0.00388	-0.0105	0.965	-0.0446	0.857	238	1	1	1
g1158	0	5.26e-16	0.00656	-0.00385	0.0104	0.973	0.0343	0.857	238	1	1	1
g1255	0	1.41e-16	0.00514	-0.00301	0.00815	0.973	0.0346	0.857	255	1	1	1
g28	0	-1.13e-17	-0.00484	0.00284	-0.00767	0.974	-0.0326	0.573	272	1	1	1
g4	0	2.46e-17	-0.00587	0.00344	-0.00931	0.976	-0.0299	0.839	256	1	1	1
g131	0	1.51e-16	0.00427	-0.0025	0.00677	0.977	0.0287	0.569	221	2	2	1
g605	0	4.06e-16	0.00507	-0.00297	0.00805	0.979	0.0266	0.946	243	1	1	1
g1253	0	-7.12e-17	-0.0038	0.00223	-0.00603	0.98	-0.0256	0.573	221	1	1	1
g654	0	4.51e-16	-0.00359	0.00211	-0.0057	0.981	-0.0242	0.181	187	1	1	1
g12	0	1.65e-16	0.00383	-0.00225	0.00608	0.984	0.0199	1	247	1	1	1
g653	0	-1.31e-16	0.00234	-0.00137	0.00371	0.988	0.0158	0.343	204	1	1	1
g1266	0	8.56e-17	0.002	-0.00117	0.00317	0.989	0.0135	0.573	221	1	1	1
g610	0	2.56e-16	-0.00275	0.00161	-0.00436	0.989	-0.0142	0.91	252	1	1	1
g68	0	-1.09e-16	-0.00162	0.000948	-0.00256	0.991	-0.0109	0.343	204	1	1	1
g1218	0	-2.68e-17	-0.00112	0.000658	-0.00178	0.994	-0.00757	0.856	238	2	2	1
g80	0	1.05e-17	0.000998	-0.000585	0.00158	0.995	0.00672	0.857	255	1	1	1
g1204	0	3.76e-16	-0.000839	0.000492	-0.00133	0.996	-0.00565	0.573	272	1	1	1
g86	0	2.12e-16	-0.000774	0.000454	-0.00123	0.996	-0.00522	0.856	255	2	2	1
g1159	0	1.13e-16	0.000607	-0.000356	0.000962	0.997	0.00316	0.77	260	1	1	1
g96	0	-1.69e-16	-0.000192	0.000113	-0.000304	0.999	-0.00129	0.857	255	1	1	1
