key	reg	target	all.pearson	all.pearson.pvalue	nonresp.pearson	nonresp.pearson.pvalue	respond.pearson	respond.pearson.pvalue	all.spearman	all.spearman.pvalue	nonresp.spearman	nonresp.spearman.pvalue	respond.spearman	respond.spearman.pvalue	support	chip.evidence	num.chip.peaks	all.weights	nonresp.weights	respond.weights
g101||HOXD9	HOXD9	g101	-0.478806124482002	0.000762284714759269	-0.500036324380227	0.040951942957999	-0.605884927700714	0.000495390579724881	-0.495759708539124	0.000459292027381512	-0.467772432283693	0.0582943236541712	-0.559113300492611	0.00191663965895511	0	0	0	0	0	0
g102||HOXD9	HOXD9	g102	-0.533468934869229	0.000134782589973556	-0.554944361069186	0.0207642667568832	-0.672336812380001	6.47348516674273e-05	-0.579481328716106	2.4447882079083e-05	-0.57388116243363	0.0160016672614287	-0.615763546798029	0.000493970359563573	0	0	0	0	0	0
g103||HOXD9	HOXD9	g103	-0.46744220039006	0.00105534605486687	-0.0767683855732652	0.769639374043353	-0.612051602267194	0.000418035394473276	-0.458402713536849	0.0015157251207776	-0.149509803921569	0.565859528235045	-0.641871921182266	0.000242198512934216	0	0	0	0	0	0
g104||HOXD9	HOXD9	g104	-0.407795422717503	0.00490645146297134	-0.447718570707077	0.0715204187229036	-0.505953517296409	0.00510725370379178	-0.421646623496762	0.00378493753873882	-0.387254901960784	0.125504021294505	-0.539901477832512	0.00288847021909736	0	0	0	0	0	0
g105||HOXD9	HOXD9	g105	-0.518058628389823	0.000226338247510424	-0.476617527403516	0.0530780678526336	-0.662095969861782	9.14865779001957e-05	-0.658711069996916	1.35922889567449e-06	-0.495098039215686	0.0453630429625201	-0.707389162561576	2.9423144203566e-05	0	0	0	0	0	0
g106||HOXD9	HOXD9	g106	-0.450599593895637	0.00167525480858597	0.38618238099234	0.125743684599462	-0.549505226756561	0.00201798627190223	-0.335502174139593	0.0226448457022117	0.489270478228672	0.0462332016543317	-0.53448275862069	0.00322977329000901	0	0	0	0	0	0
g107||HOXD9	HOXD9	g107	-0.488225226774057	0.000577132565430489	0.0369293253648496	0.888096962294468	-0.59677882456997	0.000632573880219155	-0.509219858156028	0.000362450757870872	-0.0392156862745098	0.883482430045583	-0.580295566502463	0.00118636584374009	0	0	0	0	0	0
g108||HOXD9	HOXD9	g108	-0.552337600276328	6.89825726800627e-05	0.435116641084934	0.0808845579351904	-0.694755022234646	2.89230402136006e-05	-0.401541782300339	0.00600954477974471	0.379901960784314	0.133318328937149	-0.61871921182266	0.000457091782100599	0	0	0	0	0	0
g109||HOXD9	HOXD9	g109	-0.293621097709426	0.0476446194625174	0.489867018317384	0.0459277950346204	-0.373158552942491	0.0461731666710378	-0.269441874807277	0.0704103295569571	0.448529411764706	0.0726968626029658	-0.413793103448276	0.0265280125915149	0	0	0	0	0	0
g110||HOXD9	HOXD9	g110	-0.519438421889384	0.000216290768795014	0.26668851975668	0.300798283832918	-0.651016370139051	0.0001311144295695	-0.403885291396855	0.00570181042394648	0.389705882352941	0.12297386398764	-0.589162561576355	0.00096161684865219	0	0	0	0	0	0
g111||HOXD9	HOXD9	g111	-0.433301692408688	0.00262965700543631	0.367198485132151	0.147085412172204	-0.541869610676617	0.00239619348381326	-0.362834588083689	0.0132033282282437	0.327607608572195	0.19926347807805	-0.585221674876847	0.00105644728642282	0	0	0	0	0	0
g112||HOXD9	HOXD9	g112	-0.344136909118625	0.0191885820824085	0.365088040035573	0.149601903877466	-0.429304270671486	0.0201248046837582	-0.287943262411347	0.0526791749907578	0.176470588235294	0.496735820258108	-0.399507389162562	0.0326526796048681	0	0	0	0	0	0
g113||HOXD9	HOXD9	g113	-0.555838511701708	6.06491354770435e-05	0.321280080166689	0.208596182550101	-0.708309161359126	1.71504988204164e-05	-0.543879124267653	0.00012048819509574	0.323529411764706	0.204973096417061	-0.736453201970443	9.93642033233985e-06	0	0	0	0	0	0
g114||HOXD9	HOXD9	g114	-0.485429351296491	0.000627345017207658	-0.00755681886152887	0.977036501042446	-0.608877134780749	0.000456414371093908	-0.503422756706753	0.000431242780527509	0.0294117647058824	0.913422521347557	-0.668472906403941	0.000109259675385995	0	0	0	0	0	0
g115||HOXD9	HOXD9	g115	-0.468016761753157	0.00103840713338616	-0.379838636540614	0.132618791493062	-0.583282110473916	0.000896946897607853	-0.461856305889608	0.00138401878625812	-0.352941176470588	0.164932926121232	-0.555172413793103	0.00208874932777907	0	0	0	0	0	0
g116||HOXD9	HOXD9	g116	-0.443095638112541	0.00204303511119281	-0.123829935904836	0.635853709140792	-0.55199766124322	0.00190626836763258	-0.384840729160122	0.00826978582839204	-0.078479475204599	0.764639442628814	-0.526600985221675	0.00378809008037995	0	0	0	0	0	0
g117||HOXD9	HOXD9	g117	-0.52701619802856	0.000167964402625404	0.356733376131605	0.159852204610163	-0.661455506552529	9.34468488443252e-05	-0.395868023435091	0.00681547989191497	0.299019607843137	0.242955467684265	-0.641379310344827	0.000245623849977791	0	0	0	0	0	0
g118||HOXD9	HOXD9	g118	-0.516222554653054	0.000240363599569311	-0.201803509425145	0.437322553505831	-0.640436875920952	0.000182472571222238	-0.602836879432624	1.41152620983772e-05	-0.21078431372549	0.415247112734396	-0.666009852216749	0.000118000078325953	0	0	0	0	0	0
g119||HOXD9	HOXD9	g119	-0.44555974911802	0.00191507210225086	-0.715739361813459	0.00123399155602134	-0.559672992129811	0.00159516685239385	-0.587419056429232	2.56067297239139e-05	-0.659313725490196	0.00501821171305013	-0.601970443349754	0.000702673207387065	0	0	0	0	0	0
g12||HOXD9	HOXD9	g12	-0.398993953593144	0.00601930021693739	-0.076484574432431	0.770469527308267	-0.590425934022011	0.000747003002487171	-0.342337341967314	0.020342046221549	-0.0490196078431373	0.853696049975752	-0.573399014778325	0.00139152123976	0	0	0	0	0	0
g122||HOXD9	HOXD9	g122	-0.370399580284909	0.0112809170064653	0.0770009841917403	0.768959194726335	-0.472995390903563	0.00956088994969654	-0.338904650946774	0.0212252399271387	0.0969325883041325	0.711312117429423	-0.427586206896552	0.0215452968388855	0	0	0	0	0	0
g124||HOXD9	HOXD9	g124	-0.634277113956608	2.21257715561863e-06	-0.500204909319655	0.0408730540918904	-0.801347572695215	1.75892800724183e-07	-0.660930708721729	5.75732741722856e-07	-0.567220114737706	0.0175670746758574	-0.817241379310345	1.28067747056619e-06	0	0	0	0	0	0
g125||HOXD9	HOXD9	g125	-0.388049392538125	0.00770425389725481	-0.0992760830049263	0.704623829221722	-0.486464631546931	0.00745366267933621	-0.266234967622572	0.0739198720952023	-0.144607843137255	0.578870511436224	-0.446305418719212	0.0160473832584251	0	0	0	0	0	0
g126||HOXD9	HOXD9	g126	-0.362485923320712	0.0132982876445473	0.511148301546202	0.0359939671250356	-0.442659669560441	0.0161873001804563	-0.278815911193339	0.0609092373866734	0.468137254901961	0.0599886765733457	-0.444827586206896	0.0164336871614114	0	0	0	0	0	0
g127||HOXD9	HOXD9	g127	-0.393225867920621	0.00686234709808882	-0.0138877126266048	0.957810727134524	-0.495150120246167	0.00631479197886898	-0.424188226788993	0.00330415633906939	0.110361762006467	0.67326914679877	-0.517733990147783	0.00451369704880171	0	0	0	0	0	0
g128||HOXD9	HOXD9	g128	-0.547027571915059	8.36309052473491e-05	0.453538080444816	0.0674755641223207	-0.687133110622179	3.83365191338326e-05	-0.530434782608696	0.000187133550019893	0.41421568627451	0.099658467050649	-0.710344827586207	2.64365388955742e-05	0	0	0	0	0	0
g129||HOXD9	HOXD9	g129	-0.424608317848987	0.00327000813948574	-0.263012311117118	0.307762128859717	-0.531285921851028	0.00302060599114647	-0.349121184088807	0.0178700084135043	-0.176470588235294	0.496735820258108	-0.530049261083744	0.00353436747813572	0	0	0	0	0	0
g13||HOXD9	HOXD9	g13	-0.488202476246715	0.000577526135235621	-0.0398230605497396	0.879386340323492	-0.731488628267117	6.5385311090938e-06	-0.431267345050879	0.00300557992975426	0.00735294117647059	0.981146015681787	-0.663054187192118	0.000129298812826241	0	0	0	0	0	0
g130||HOXD9	HOXD9	g130	-0.532899796548541	0.000137449186124982	0.0626632414217668	0.811166527587545	-0.681558995977942	4.68639523649317e-05	-0.556706753006475	7.78859825389176e-05	-0.0490196078431373	0.853696049975752	-0.695566502463054	4.46896313344836e-05	0	0	0	0	0	0
g131||HOXD9	HOXD9	g131	-0.335884937076088	0.0224812730715106	0.196957839130221	0.448635969700141	-0.43284870736746	0.0190101570267688	-0.252675074898881	0.0902316907122268	0.339668978619905	0.182240852382252	-0.387684729064039	0.0385547395043744	0	0	0	0	0	0
g132||HOXD9	HOXD9	g132	-0.399667194421564	0.00592703350839753	-0.0147749783516766	0.955117788526932	-0.507598330328638	0.00494190859600106	-0.310761640456368	0.035998015996952	0.0784313725490196	0.765642130601015	-0.522167487684729	0.00413723053405293	0	0	0	0	0	0
g133||HOXD9	HOXD9	g133	-0.436402036012072	0.0024296521424369	0.15065666904149	0.563824988463022	-0.548560741733692	0.00206177576259444	-0.31668208448967	0.032472763915573	0.193627450980392	0.455039931969354	-0.501477832512315	0.00615669487312852	0	0	0	0	0	0
g134||HOXD9	HOXD9	g134	-0.455226967038833	0.00147894700032461	0.261531880849315	0.31059326259956	-0.566640873709916	0.00135188255758064	-0.403761948812828	0.00571765591204755	-0.0686274509803922	0.794738345989526	-0.587192118226601	0.00100806068979386	0	0	0	0	0	0
g135||HOXD9	HOXD9	g135	-0.379534065848034	0.0092838477937739	0.314206180621683	0.219360243775626	-0.468967639180716	0.0102806578756292	-0.306074622263336	0.039008959729511	0.267156862745098	0.298762241465518	-0.493103448275862	0.00718636118246961	0	0	0	0	0	0
g136||HOXD9	HOXD9	g136	-0.4228665028907	0.00341364953878221	-0.455228627179417	0.0663327809501489	-0.546694171520045	0.00215073666342408	-0.483579512394954	0.000662688257213661	-0.391171134222923	0.120514669530727	-0.52807881773399	0.00367749444588042	0	0	0	0	0	0
g137||HOXD9	HOXD9	g137	-0.459124041023101	0.0013297793671137	0.641651282042926	0.00549421564176637	-0.573678944933762	0.00113954596917143	-0.356891766882516	0.015357342837262	0.661764705882353	0.00481375147808591	-0.629064039408867	0.000346280408140069	0	0	0	0	0	0
g138||HOXD9	HOXD9	g138	-0.634711172135619	2.16680671537388e-06	0.0834005791270759	0.750309137662758	-0.796885481286209	2.30742092164497e-07	-0.490101757631822	0.000636088515147513	0.0563725490196079	0.831480414464608	-0.720197044334975	1.83818988289098e-05	0	0	0	0	0	0
g139||HOXD9	HOXD9	g139	-0.418031134517733	0.0038418602098789	-0.450872162716879	0.0693070430327635	-0.52036490376397	0.0038067177544584	-0.426086956521739	0.00340547499535394	-0.419117647058824	0.0954147740536182	-0.511822660098522	0.00506116252268858	0	0	0	0	0	0
g141||HOXD9	HOXD9	g141	-0.346849313263776	0.0181993658948896	-0.533561193354882	0.0273979515852347	-0.442357336290627	0.0162687791756552	-0.29213691026827	0.049213704292465	-0.556372549019608	0.022322674757179	-0.370443349753695	0.0486848546379861	0	0	0	0	0	0
g142||HOXD9	HOXD9	g142	-0.451457864638799	0.00163718611172796	-0.437244589832136	0.0792440250299957	-0.5732698897956	0.00115103925655387	-0.558186864014801	7.39844368874029e-05	-0.504901960784314	0.0407898208688142	-0.632512315270936	0.000314989165951306	0	0	0	0	0	0
g143||HOXD9	HOXD9	g143	-0.438912824498729	0.00227765225844753	-0.279661163241341	0.276983676088203	-0.541973545442163	0.0023906613965186	-0.502559358618563	0.000442442109742256	-0.333333333333333	0.190964837843444	-0.604433497536946	0.000660567022597265	0	0	0	0	0	0
g144||HOXD9	HOXD9	g144	-0.446723014733317	0.00185717024387211	-0.297839309686372	0.245611602310312	-0.561828620734568	0.00151614238183494	-0.420166512488437	0.00391946512617861	-0.0588235294117647	0.824102033724561	-0.553694581280788	0.00215665888148292	0	0	0	0	0	0
g145||HOXD9	HOXD9	g145	-0.465432155450112	0.00111656333277069	-0.0455505889462296	0.86218493415337	-0.58863930171425	0.000782281728949765	-0.476164045636756	0.000940727645885795	-0.16421568627451	0.527629821588741	-0.564532019704433	0.00170013943196903	0	0	0	0	0	0
g146||HOXD9	HOXD9	g146	-0.492723009366348	0.000503894278463599	0.463690811313376	0.0608258720222487	-0.619269175619424	0.000341157271862447	-0.375639839654641	0.0105059481860181	0.509803921568628	0.0386415625787591	-0.621674876847291	0.000422645409078922	0	0	0	0	0	0
g147||HOXD9	HOXD9	g147	-0.517402703999288	0.000231261253825421	-0.682983170294873	0.00251301966586372	-0.642854827119297	0.000169380272987082	-0.589515880357693	2.36490013378247e-05	-0.720588235294118	0.00156743174351113	-0.600492610837438	0.000729046115437483	0	0	0	0	0	0
g148||HOXD9	HOXD9	g148	-0.509363174278789	0.00029999605861137	-0.278276403628342	0.279469201545296	-0.638612237672667	0.000192937506167208	-0.542769041011409	0.000125030093956715	-0.240196078431373	0.351680020193382	-0.672906403940887	9.49586158788664e-05	0	0	0	0	0	0
g149||HOXD9	HOXD9	g149	-0.508694793813051	0.000306468243099636	0.0300735428479637	0.908780690247805	-0.652217966965308	0.000126183200403689	-0.375146469318532	0.0106141944341318	0.183823529411765	0.478639035066498	-0.5935960591133	0.000863880562338993	0	0	0	0	0	0
g15||HOXD9	HOXD9	g15	-0.388675146596967	0.00759795143322317	-0.00746416188742434	0.977317996672024	-0.621062869309683	0.000324104374781918	-0.442984890533457	0.00225059399844269	0.0637254901960784	0.809389056534401	-0.727093596059113	1.4182034613374e-05	0	0	0	0	0	0
g150||HOXD9	HOXD9	g150	-0.51159912242033	0.000279232231522209	0.490036255109859	0.0458414294862552	-0.641040960143802	0.00017912041708795	-0.459033581272241	0.00133308399168848	0.442673289825941	0.0751686500080395	-0.652216748768473	0.000179317959651041	0	0	0	0	0	0
g151||HOXD9	HOXD9	g151	-0.400350601764612	0.00583463410095485	0.279164550781122	0.277873496407474	-0.507972797607085	0.00490490957903092	-0.336786925686093	0.0225749090857542	0.345588235294118	0.174388364941036	-0.517241379310345	0.00455728787973236	0	0	0	0	0	0
g152||HOXD9	HOXD9	g152	-0.400175284769235	0.00585821733208814	0.37367503246129	0.139544146352186	-0.513771890594929	0.0043613674846309	-0.337897008942337	0.0221124778157564	0.181372549019608	0.484633929493739	-0.538423645320197	0.00297830985166272	0	0	0	0	0	0
g153||HOXD9	HOXD9	g153	-0.491913685337824	0.000516421106110717	0.717516909981215	0.00118406810767173	-0.616430682456207	0.000369760794687854	-0.345174221399938	0.0192750936862031	0.620098039215686	0.00935155209869763	-0.609852216748768	0.000575610055800605	0	0	0	0	0	0
g154||HOXD9	HOXD9	g154	-0.467035122743786	0.00106749617730915	-0.0223356743983661	0.932191747565843	-0.604021787497268	0.000521110074930836	-0.41371654204749	0.00426299420179508	-0.12883445280929	0.622154565436269	-0.544334975369458	0.00263285073633053	0	0	0	0	0	0
g155||HOXD9	HOXD9	g155	-0.612458645147756	6.07937934385065e-06	-0.399914598265004	0.111721104875009	-0.770407686209799	1.0178499173596e-06	-0.651187172371261	1.88482239033757e-06	-0.264705882352941	0.303357853800004	-0.783743842364532	2.07833423198229e-06	0	0	0	0	0	0
g156||HOXD9	HOXD9	g156	-0.48802089206814	0.000580676080612743	0.512697593731259	0.0353408280776842	-0.616266859252565	0.000371474251559239	-0.466296638914585	0.00122976135854336	0.428921568627451	0.0873288343036546	-0.577832512315271	0.00125638702054545	0	0	0	0	0	0
g157||HOXD9	HOXD9	g157	-0.535759781167715	0.000124518137728358	-0.225779242283297	0.383571168386409	-0.673618824327363	6.19335451390051e-05	-0.588899167437558	2.420989451763e-05	-0.110294117647059	0.673356612256124	-0.707881773399015	2.89048829497644e-05	0	0	0	0	0	0
g159||HOXD9	HOXD9	g159	-0.324100489649093	0.0279953526056424	-0.612852120035391	0.00890425150885371	-0.405702830320755	0.0289949925681825	-0.354682537403824	0.0155812178541321	-0.692826617040601	0.00204859941055002	-0.429064039408867	0.0210609278506239	0	0	0	0	0	0
g16||HOXD9	HOXD9	g16	-0.442466569361715	0.0020768924114931	-0.119660598565107	0.647352765295181	-0.643046045183228	0.000168381324546646	-0.517360468701819	0.000282578695801944	-0.208333333333333	0.420812043757347	-0.700985221674877	3.69751427350321e-05	0	0	0	0	0	0
g160||HOXD9	HOXD9	g160	-0.495705942967348	0.00046004975395816	-0.205638743359506	0.428473745998517	-0.628567051184989	0.000260630325842351	-0.511933395004625	0.000333803664764953	-0.0588235294117647	0.824102033724561	-0.610837438423645	0.000561235826180531	0	0	0	0	0	0
g161||HOXD9	HOXD9	g161	-0.395783102416119	0.00647673126435508	-0.229431076722722	0.375717003898741	-0.511744187456649	0.00454525450186361	-0.448734157911706	0.00176071835718685	-0.231759700213581	0.370755572553649	-0.566995073891626	0.00160896946855489	0	0	0	0	0	0
g162||HOXD9	HOXD9	g162	-0.483107439080036	0.000671989210724483	0.505869298236075	0.0382887582409927	-0.604813443258134	0.000510041976030132	-0.322355843354918	0.0293691136147786	0.370098039215686	0.144268639688663	-0.589162561576355	0.00096161684865219	0	0	0	0	0	0
g163||HOXD9	HOXD9	g163	-0.24346981486546	0.102998375463401	0.0653766073863256	0.803137446124977	-0.282824811615862	0.137118380185782	-0.264384828862165	0.0760070682041669	-0.0563725490196079	0.831480414464608	-0.31871921182266	0.0922943658395324	0	0	0	0	0	0
g165||HOXD9	HOXD9	g165	-0.326060129519733	0.0270073280464328	0.0272859306290003	0.917207446855294	-0.395258983642249	0.0338218460718101	-0.373789700894234	0.0109168560943324	0.071078431372549	0.78743778557168	-0.450246305418719	0.0150542375365772	0	0	0	0	0	0
g166||HOXD9	HOXD9	g166	-0.402551268443574	0.00554555721303644	-0.0877647759600837	0.737664664571973	-0.524011482567515	0.00352674511540105	-0.368485969781067	0.0121726148324377	-0.188725490196078	0.466762824528651	-0.470935960591133	0.0106457530338218	0	0	0	0	0	0
g167||HOXD9	HOXD9	g167	-0.565292037113324	4.25269931961503e-05	-0.359945949128738	0.155856017922853	-0.715177581629588	1.30137393234887e-05	-0.615787850755473	8.39805328113782e-06	-0.377450980392157	0.135998518849547	-0.72167487684729	1.73932076812515e-05	0	0	0	0	0	0
g168||HOXD9	HOXD9	g168	-0.475036315800999	0.000850203579627515	0.3027971927092	0.237460319554243	-0.588697412482766	0.000781111757318914	-0.390440949737897	0.00767308229263787	0.198529411764706	0.443472506945397	-0.595073891625616	0.000833287219239239	0	0	0	0	0	0
g169||HOXD9	HOXD9	g169	-0.530003253020415	0.000151778439248082	-0.662482438038246	0.00375787914528064	-0.667292117275479	7.68864845133602e-05	-0.535138302391407	0.000127230050170897	-0.783568510245918	0.000198261976029193	-0.619211822660098	0.000451185626402322	0	0	0	0	0	0
g17||HOXD9	HOXD9	g17	-0.557677049274288	5.66511593369751e-05	-0.074253065322211	0.777004882221425	-0.719805770409655	1.07566252284314e-05	-0.501079247610237	0.000462254340438786	0.00980392156862745	0.973606611131262	-0.730541871921182	1.24435437270398e-05	0	0	0	0	0	0
g170||HOXD9	HOXD9	g170	-0.490174205584118	0.000544297666925991	-0.682078902441675	0.00255967177669632	-0.621483622479509	0.000320214744785809	-0.513166820844897	0.000321473980953364	-0.654411764705882	0.00544796712184481	-0.643349753694581	0.000232172774768698	0	0	0	0	0	0
g171||HOXD9	HOXD9	g171	-0.529602139966857	0.000153866268561825	-0.449060365716121	0.0705724231860515	-0.674694336476039	5.96673504254902e-05	-0.549059512796793	0.0001012199016729	-0.473039215686275	0.05709361550314	-0.691625615763547	5.1178024421631e-05	0	0	0	0	0	0
g172||HOXD9	HOXD9	g172	-0.519164553571104	0.000218252292058454	-0.15941599881018	0.541098669405999	-0.662828480019639	8.92894783682286e-05	-0.591242676534073	2.2141956178314e-05	-0.00980392156862745	0.973606611131262	-0.715270935960591	2.2070856448171e-05	0	0	0	0	0	0
g173||HOXD9	HOXD9	g173	-0.552054853990018	6.96992426271971e-05	-0.197754788097424	0.446765143148933	-0.693695986459268	3.0093046366292e-05	-0.517499768971568	0.000230526677938177	-0.0539546392031618	0.837052825015529	-0.684729064039409	6.45848333883535e-05	0	0	0	0	0	0
g174||HOXD9	HOXD9	g174	-0.486673968748373	0.00060452724088047	-0.528029760387195	0.029354269788494	-0.623152132158281	0.000305192392241397	-0.480111008325624	0.000843357840462566	-0.593137254901961	0.0137711570819903	-0.562068965517241	0.00179576146622074	0	0	0	0	0	0
g175||HOXD9	HOXD9	g175	-0.3770474069693	0.00979475035909817	0.221841258875282	0.3921407177394	-0.477146454456686	0.00886388225429518	-0.259451125501079	0.0818022009954736	0.21078431372549	0.415247112734397	-0.49064039408867	0.00751580753562206	0	0	0	0	0	0
g176||HOXD9	HOXD9	g176	-0.337603388567333	0.0217590628240392	-0.143009567142519	0.583995244174121	-0.420549084397608	0.0231100900508494	-0.34036386062288	0.0211134715092985	-0.191176470588235	0.460882076288092	-0.432512315270936	0.0199658146338681	0	0	0	0	0	0
g177||HOXD9	HOXD9	g177	-0.565615760443074	4.20051091037526e-05	-0.183659051363122	0.480434263940226	-0.722466914197622	9.62443465834887e-06	-0.535738513721862	0.000157617682014876	-0.105392156862745	0.687298291138966	-0.748768472906404	6.23979601447559e-06	0	0	0	0	0	0
g180||HOXD9	HOXD9	g180	-0.52811979104556	0.000161810316294381	0.163580822905923	0.530439022829797	-0.673521277858443	6.21428295923967e-05	-0.487264878199198	0.000689685540256634	0.112745098039216	0.666424281058544	-0.701477832512315	3.63372509754744e-05	0	0	0	0	0	0
g181||HOXD9	HOXD9	g181	-0.519770523566061	0.000213933595194801	0.130395570262991	0.617904849553339	-0.649509671593128	0.000137538942699973	-0.490225100215849	0.00063384580407726	0.112745098039216	0.666424281058544	-0.648768472906404	0.000198458881996759	0	0	0	0	0	0
g182||HOXD9	HOXD9	g182	-0.540327045636998	0.000106145929533133	0.100965684111569	0.699814371074223	-0.676800323264383	5.54428422999352e-05	-0.458156028368794	0.00152554771208897	0.0759803921568628	0.772889112128398	-0.676354679802955	8.50074967185868e-05	0	0	0	0	0	0
g183||HOXD9	HOXD9	g183	-0.596164557302651	1.23264152213011e-05	-0.442104470152971	0.0755883289661451	-0.747048267858455	3.23464486631217e-06	-0.573111316682084	4.35203554407014e-05	-0.470588235294118	0.0585275172922764	-0.734975369458128	1.0511726928176e-05	0	0	0	0	0	0
g184||HOXD9	HOXD9	g184	-0.394342740028352	0.0066915473359546	0.471426357205482	0.0560952475835409	-0.479753803916384	0.00844834915282379	-0.363922294172063	0.0133508436601742	0.259803921568627	0.312678606386675	-0.534975369458128	0.00319737138408381	0	0	0	0	0	0
g185||HOXD9	HOXD9	g185	-0.561884428325831	4.83920517459047e-05	-0.311071451265312	0.224242267938616	-0.709977901251272	1.60495618067283e-05	-0.652297255627505	1.79625917029648e-06	-0.33578431372549	0.187567030988053	-0.771428571428571	2.87586785229371e-06	0	0	0	0	0	0
g187||HOXD9	HOXD9	g187	-0.455130242213776	0.00148283133480408	-0.656364765659074	0.00421346687789225	-0.570312877635987	0.00123716705141814	-0.520690718470552	0.000254790324435526	-0.649509803921569	0.0059066798655768	-0.535467980295566	0.00316525033658004	0	0	0	0	0	0
g188||HOXD9	HOXD9	g188	-0.430923856515405	0.00279275545325024	-0.156343572478723	0.549023259241372	-0.556466815776339	0.00171930606677696	-0.497502312673451	0.000513486053891717	0.0122549019607843	0.966069395165698	-0.600985221674877	0.000720160733102538	0	0	0	0	0	0
g189||HOXD9	HOXD9	g189	-0.573774342403949	3.06392786286474e-05	0.279833582488562	0.276675145901136	-0.739537229606588	4.57114131152797e-06	-0.444835029293864	0.00214824262878657	0.355392156862745	0.161861799524049	-0.680788177339901	7.35768768151111e-05	0	0	0	0	0	0
g19||HOXD9	HOXD9	g19	-0.412028640405066	0.00443842565800416	0.56735134222651	0.0175351189480133	-0.525720014032904	0.0034017658201443	-0.368979340117175	0.0120507746065184	0.54656862745098	0.0251943772063171	-0.516748768472906	0.0046012397909686	0	0	0	0	0	0
g190||HOXD9	HOXD9	g190	-0.568289595231993	3.79135078030131e-05	-0.149841404728218	0.565960953456162	-0.724587971015468	8.80003942947456e-06	-0.528831329016343	0.000196999900656621	-0.166666666666667	0.521379269323578	-0.699014778325123	3.96291297655564e-05	0	0	0	0	0	0
g191||HOXD9	HOXD9	g191	-0.477395588296807	0.000794178659960689	-0.369990323518399	0.143801168916991	-0.606368544112956	0.000488899624184832	-0.46049953746531	0.001434487660894	-0.419117647058824	0.0954147740536182	-0.582266009852217	0.00113281964130661	0	0	0	0	0	0
g192||HOXD9	HOXD9	g192	-0.437818116468161	0.00234285877051729	0.150987912199928	0.562958137949191	-0.546912388200718	0.00214016817532626	-0.402972648130166	0.0054916515982377	-0.0539546392031618	0.837052825015529	-0.499507389162561	0.00638685830910773	0	0	0	0	0	0
g193||HOXD9	HOXD9	g193	-0.50943810599663	0.00029927822061641	-0.0953651124442655	0.715796834288377	-0.662564608870859	9.00754679453169e-05	-0.46772950159461	0.0010468453979412	0.111588003806539	0.66983081839599	-0.640886699507389	0.00024909163734709	0	0	0	0	0	0
g194||HOXD9	HOXD9	g194	-0.457116125986618	0.00140487332127499	0.0350832259525279	0.89366042177114	-0.57849880221085	0.00101146230682133	-0.491211840888067	0.000616159142237985	0.0147058823529412	0.958534992249883	-0.627093596059113	0.000365357095791933	0	0	0	0	0	0
g195||HOXD9	HOXD9	g195	-0.51514359979272	0.000248967938905004	0.119538631911993	0.647690303669272	-0.665105572660028	8.27561147416731e-05	-0.386740672217083	0.00831035419253154	0.071078431372549	0.78743778557168	-0.612807881773399	0.000533425886064601	0	0	0	0	0	0
g196||HOXD9	HOXD9	g196	-0.434330834909695	0.00256171294686078	0.287381831254175	0.263373990331398	-0.539489121236146	0.00252595665301949	-0.461609620721554	0.00139307508207005	0.284313725490196	0.26780426874511	-0.633004926108374	0.000310727802665229	0	0	0	0	0	0
g199||HOXD9	HOXD9	g199	-0.559182627230473	5.35582185739123e-05	-0.16463861038754	0.527746981269585	-0.702618468847082	2.14326937294848e-05	-0.611717545482578	9.90467915668626e-06	-0.176470588235294	0.496735820258108	-0.71871921182266	1.94231873400233e-05	0	0	0	0	0	0
g2||HOXD9	HOXD9	g2	-0.401539853255754	0.00567682838661725	0.0125026857991828	0.962015271782105	-0.62299614094365	0.000306570016233156	-0.420906567992599	0.00385168332214324	0.0392156862745098	0.883482430045583	-0.701477832512315	3.63372509754744e-05	0	0	0	0	0	0
g200||HOXD9	HOXD9	g200	-0.489114401811339	0.000561937887571403	0.479126146910107	0.0516642866456401	-0.620116179357213	0.000333008628712193	-0.481097748997841	0.000820477026672725	0.490196078431373	0.0477930209624995	-0.70935960591133	2.73997374678623e-05	0	0	0	0	0	0
g201||HOXD9	HOXD9	g201	-0.559238557028882	5.34463529122608e-05	0.0588048526822386	0.822614365479081	-0.712528874062631	1.44888166360556e-05	-0.519703977798335	0.000262753232626411	0.196078431372549	0.449236656451371	-0.731034482758621	1.22127417776932e-05	0	0	0	0	0	0
g202||HOXD9	HOXD9	g202	-0.600839973885207	1.01036448034881e-05	-0.306362850709301	0.231705136486487	-0.757765650859591	1.93350797051328e-06	-0.600740055504163	1.53285743076855e-05	-0.394607843137255	0.118023972967492	-0.726600985221675	1.44487745795524e-05	0	0	0	0	0	0
g203||HOXD9	HOXD9	g203	-0.472634552945979	0.000910845281589168	-0.474518945994612	0.0542828136690898	-0.598265333348791	0.000608131188897162	-0.5509096515572	9.50522037791741e-05	-0.446078431372549	0.0744174255673325	-0.63743842364532	0.000274592944814256	0	0	0	0	0	0
g204||HOXD9	HOXD9	g204	-0.499412591562736	0.000410368193324193	-0.444523933967388	0.0738150115216462	-0.644084032987443	0.00016304924723927	-0.48331791551033	0.000771023513912291	-0.490196078431373	0.0477930209624995	-0.630049261083744	0.000337073705097775	0	0	0	0	0	0
g21||HOXD9	HOXD9	g21	-0.353495711953403	0.0159560255172259	-0.774061127523211	0.000265627771429074	-0.427306757457403	0.0207763047162976	-0.502312673450509	0.000445689870650837	-0.769607843137255	0.00046676933046362	-0.416256157635468	0.0255745486446804	0	0	0	0	0	0
g22||HOXD9	HOXD9	g22	-0.460426884885399	0.00128298700395993	-0.00800759659030124	0.97566705723112	-0.577977418282538	0.00102468315946657	-0.399814986123959	0.00624550375065785	-0.0661764705882353	0.802055628068064	-0.557142857142857	0.00200109078584265	0	0	0	0	0	0
g23||HOXD9	HOXD9	g23	-0.504987568140126	0.000344712683577227	-0.455331212370737	0.0662638971726957	-0.633803585499481	0.000223104284550475	-0.638852913968548	3.204824044666e-06	-0.370098039215686	0.144268639688663	-0.667487684729064	0.00011268471115919	0	0	0	0	0	0
g25||HOXD9	HOXD9	g25	-0.558686172400836	5.4560604664746e-05	-0.352611577204098	0.165080215333503	-0.713840659491183	1.37405079703839e-05	-0.608140610545791	1.14347228749748e-05	-0.25	0.331836784834429	-0.732019704433497	1.17636352994452e-05	0	0	0	0	0	0
g26||HOXD9	HOXD9	g26	-0.352059139195235	0.0164199156486114	-0.271118970042334	0.292531796763037	-0.435303405060995	0.0182684329468906	-0.413025378715599	0.00433408232490867	-0.279583130416384	0.277123378455917	-0.462068965517241	0.012378729663915	0	0	0	0	0	0
g27||HOXD9	HOXD9	g27	-0.591569247268578	1.49419369747893e-05	-0.509163304183369	0.0368441933872683	-0.745668901968592	3.44980175065445e-06	-0.564724020968239	5.8805381215283e-05	-0.350490196078431	0.168044272760931	-0.669458128078818	0.000105926927239346	0	0	0	0	0	0
g28||HOXD9	HOXD9	g28	-0.549644931476709	7.60891254395487e-05	0.0373028440762934	0.886971907757836	-0.706398670005582	1.84937211549736e-05	-0.469626888683318	0.00112437050712871	0.17156862745098	0.508985124069811	-0.693103448275862	4.86520887474216e-05	0	0	0	0	0	0
g29||HOXD9	HOXD9	g29	-0.54813715628486	8.03541788908297e-05	-0.00135855753927054	0.995871150210034	-0.702839065586142	2.12503330900772e-05	-0.614431082331175	8.87450852178116e-06	-0.129901960784314	0.618661921909265	-0.747783251231527	6.47312188483211e-06	0	0	0	0	0	0
g3||HOXD9	HOXD9	g3	-0.413583252006967	0.0042766234892854	-0.0140883154844117	0.957201839027832	-0.636053639564379	0.000208505801663611	-0.360715386987357	0.0142362603025342	0.017156862745098	0.951004026215098	-0.561576354679803	0.00181543593582152	0	0	0	0	0	0
g30||HOXD9	HOXD9	g30	-0.406947466286356	0.00500521454035871	0.0244957559188139	0.925650303732006	-0.507113786626965	0.00499013646026197	-0.396608078939254	0.00670527501926722	-0.0245098039215686	0.928437975261992	-0.492118226600985	0.00731663104519784	0	0	0	0	0	0
g31||HOXD9	HOXD9	g31	-0.475942525258955	0.000828278880800945	-0.184787081549851	0.477695179583674	-0.601393526778231	0.000559382491016365	-0.510238066839428	0.000291710849038025	-0.0674847133762948	0.796912163898185	-0.641871921182266	0.000242198512934216	0	0	0	0	0	0
g32||HOXD9	HOXD9	g32	-0.412781838728959	0.00435937708417952	0.361545328169124	0.153892052398427	-0.513478037486424	0.00438761581975735	-0.414739438791243	0.00444950161442881	0.33578431372549	0.187567030988053	-0.594581280788177	0.000843378243793066	0	0	0	0	0	0
g34||HOXD9	HOXD9	g34	-0.436633934067784	0.00241524724332619	0.109872551284088	0.674642585926722	-0.551196036931872	0.00194160056026189	-0.40450200431699	0.0056231586282156	0.178921568627451	0.490666292162011	-0.531034482758621	0.00346462247906841	0	0	0	0	0	0
g35||HOXD9	HOXD9	g35	-0.388734167132067	0.00758799089618752	0.277392789319863	0.281062287082223	-0.498999680814902	0.00585937777853827	-0.330249768732655	0.025467071246571	0.225490196078431	0.38271501317929	-0.480295566502463	0.0090437039842957	0	0	0	0	0	0
g36||HOXD9	HOXD9	g36	-0.535167162963091	0.000127102933271862	0.464965353194712	0.0600267738482986	-0.677726331406374	5.36713091680409e-05	-0.461116250385446	0.00141134681656943	0.397058823529412	0.115603728893105	-0.699507389162561	3.89499943358847e-05	0	0	0	0	0	0
g37||HOXD9	HOXD9	g37	-0.512559462333997	0.000270720131793471	-0.266758666505061	0.300666326800309	-0.643110877846912	0.000168043816782271	-0.503669441874807	0.000428090412078046	-0.28921568627451	0.259348600630739	-0.668965517241379	0.000107581899789801	0	0	0	0	0	0
g38||HOXD9	HOXD9	g38	-0.364473410201546	0.0127647061035065	0.261663096213269	0.310341710267652	-0.451762580637177	0.01388774276808	-0.252173913043478	0.0909805176577499	0.404411764705882	0.108558670701569	-0.338916256157635	0.0726453579328498	0	0	0	0	0	0
g4||HOXD9	HOXD9	g4	-0.422990109212301	0.00340327644195965	0.00451053429073482	0.986292393519659	-0.691474965570459	3.26853048387815e-05	-0.426703669441875	0.00335552414880599	-0.0857843137254902	0.744017310206342	-0.634482758620689	0.000298245425055473	0	0	0	0	0	0
g41||HOXD9	HOXD9	g41	-0.51258254737785	0.00027051843476909	-0.265875807965835	0.302329641007373	-0.649660935943566	0.000136881584445621	-0.525131051495529	0.000221600127153055	-0.274509803921569	0.28523485458125	-0.641379310344827	0.000245623849977791	0	0	0	0	0	0
g42||HOXD9	HOXD9	g42	-0.504291082742564	0.000352360719774649	-0.225423319896013	0.384341447256214	-0.63886233405976	0.000191472411492959	-0.424928305114301	0.00324420571510932	-0.237890909213941	0.357867875091464	-0.609852216748768	0.000575610055800605	0	0	0	0	0	0
g44||HOXD9	HOXD9	g44	-0.469655573426885	0.000991418385949157	0.0564458039611385	0.829630515059998	-0.583440863270904	0.000893348850775251	-0.451248843663275	0.00182472126391526	0.122549019607843	0.63896306439944	-0.62807881773399	0.000355706720444307	0	0	0	0	0	0
g45||HOXD9	HOXD9	g45	-0.503915517606691	0.000356548005928884	0.277812819083022	0.280304320173345	-0.639707196775774	0.000186595644657735	-0.383533765032377	0.0088993812017306	0.313725490196078	0.219654866580788	-0.576354679802956	0.00130010326837857	0	0	0	0	0	0
g46||HOXD9	HOXD9	g46	-0.606510236226298	7.90493677972399e-06	0.389813015509876	0.121922830180752	-0.774108311471468	8.37128842901849e-07	-0.519580635214308	0.00026376432584624	0.348039215686275	0.171196025388197	-0.777832512315271	2.40283907591505e-06	0	0	0	0	0	0
g47||HOXD9	HOXD9	g47	-0.331146299913808	0.0245776972019746	-0.663834220943437	0.00366281828472149	-0.427212756467283	0.0208073855790251	-0.370212765957447	0.0117507610701941	-0.698529411764706	0.00246310926832693	-0.4	0.0324237787613315	0	0	0	0	0	0
g49||HOXD9	HOXD9	g49	-0.425318275116158	0.00321300234339473	-0.59086040133022	0.0125038930654119	-0.539167573529892	0.00254394047679018	-0.532901634289238	0.000172830470167062	-0.58578431372549	0.0152272592425069	-0.601477832512315	0.000711370049727056	0	0	0	0	0	0
g50||HOXD9	HOXD9	g50	-0.381512984266784	0.00889382656877455	0.195124280853315	0.45295530350116	-0.483759749178078	0.00784196923027781	-0.237002775208141	0.112691937280364	0.215686274509804	0.404238975397585	-0.410837438423645	0.0277106348695533	0	0	0	0	0	0
g51||HOXD9	HOXD9	g51	-0.470233248249958	0.00097531360747888	-0.0362492159077478	0.890145998873764	-0.601976908278922	0.000550680831703306	-0.421399938328708	0.0038070718535603	0.154411764705882	0.552980377797568	-0.585221674876847	0.00105644728642282	0	0	0	0	0	0
g52||HOXD9	HOXD9	g52	-0.559806945249577	5.23215682607825e-05	-0.192625305935444	0.458875854912389	-0.704953729606126	1.95714691912924e-05	-0.456922602528523	0.0015755187802466	-0.208333333333333	0.420812043757347	-0.666502463054187	0.000116204211745326	0	0	0	0	0	0
g53||HOXD9	HOXD9	g53	-0.323043039961352	0.0285408791453641	-0.379059197901586	0.133481125272409	-0.4233407258514	0.0221212447167473	-0.341597286463151	0.0206284811438544	-0.365196078431373	0.149975604436034	-0.448768472906404	0.0154204471875151	0	0	0	0	0	0
g54||HOXD9	HOXD9	g54	-0.480266436989696	0.000730478971131958	-0.45386459133463	0.0672537265293312	-0.595669952383392	0.000651363522493175	-0.585895340868775	1.88730893835414e-05	-0.47455557662781	0.0542616114114385	-0.594088669950739	0.000853575708304697	0	0	0	0	0	0
g55||HOXD9	HOXD9	g55	-0.542349743117131	9.88278597039557e-05	0.0992635243042896	0.70465961752639	-0.678468095930715	5.22888593117623e-05	-0.428677150786309	0.00320000568719419	0.176470588235294	0.496735820258108	-0.635467980295566	0.000290170176583622	0	0	0	0	0	0
g56||HOXD9	HOXD9	g56	-0.392669729456565	0.00694879653885368	0.312949908739152	0.221308483124336	-0.508584057644443	0.00484502169301369	-0.41988405161886	0.00367250405592633	0.310429681530956	0.225250264618481	-0.57192118226601	0.00143929018037327	0	0	0	0	0	0
g57||HOXD9	HOXD9	g57	-0.52267611324804	0.000194281847102801	-0.156648652308572	0.548234091199559	-0.659965585164968	9.81522727362699e-05	-0.398951588035769	0.0063664923140167	-0.0833333333333333	0.751205676294256	-0.624630541871921	0.000390493206968528	0	0	0	0	0	0
g59||HOXD9	HOXD9	g59	-0.469199485561341	0.00100430088761161	0.630655197821843	0.00664270351215818	-0.57622711537915	0.00107017429546669	-0.330126426148628	0.0255245044499491	0.637254901960784	0.00718979213366894	-0.548275862068965	0.0024222958578034	0	0	0	0	0	0
g6||HOXD9	HOXD9	g6	-0.404836913795317	0.00525860250895823	-0.0950527898483707	0.71669147877196	-0.577554064488099	0.00103552882534223	-0.355164970706136	0.0158878957149116	0.200980392156863	0.437747732973481	-0.56551724137931	0.00166314713637853	0	0	0	0	0	0
g60||HOXD9	HOXD9	g60	-0.53970116868752	0.000108508299621776	0.626934928315425	0.00707222189576247	-0.671896278851066	6.57231977284914e-05	-0.386320885810738	0.0080046015978161	0.497854170829175	0.0419835237470871	-0.694581280788177	4.62384554156288e-05	0	0	0	0	0	0
g61||HOXD9	HOXD9	g61	-0.476812763135673	0.000807702288050327	0.222408491305788	0.390899981861318	-0.589309713140134	0.000768876704280453	-0.447548566142461	0.00200561379421999	0.198529411764706	0.443472506945397	-0.633004926108374	0.000310727802665229	0	0	0	0	0	0
g62||HOXD9	HOXD9	g62	-0.41080851773578	0.00456913969384566	-0.355998130348178	0.160776453957794	-0.515964162617015	0.00416974283899436	-0.397594819611471	0.00656075752994273	-0.306372549019608	0.231112520460973	-0.493103448275862	0.00718636118246961	0	0	0	0	0	0
g63||HOXD9	HOXD9	g63	-0.53354004912292	0.000134452723135003	-0.453733319842698	0.0673428501713636	-0.671840884031417	6.5848423933548e-05	-0.576194881282763	3.88899286724384e-05	-0.534313725490196	0.0291846650571822	-0.691625615763547	5.1178024421631e-05	0	0	0	0	0	0
g64||HOXD9	HOXD9	g64	-0.500305059288015	0.000399153062636908	0.114625794678617	0.66133976147198	-0.624354977437626	0.000294751622725868	-0.509959913660191	0.00035442492746384	0.102941176470588	0.694306640386447	-0.658620689655172	0.000148036551810417	0	0	0	0	0	0
g65||HOXD9	HOXD9	g65	-0.521161050861818	0.000204314643688054	0.549428720662378	0.022340625179452	-0.652954565152024	0.00012324231464124	-0.467236116044404	0.00106148157385129	0.535867666631403	0.026612600733123	-0.675862068965517	8.63699692830528e-05	0	0	0	0	0	0
g66||HOXD9	HOXD9	g66	-0.455800525122969	0.00145609904806771	0.307088326512322	0.230545136681674	-0.587787717699967	0.000799603686594561	-0.486971538052616	0.000599183485420304	0.290619306617031	0.25779244294124	-0.645812807881773	0.000216271452562424	0	0	0	0	0	0
g67||HOXD9	HOXD9	g67	-0.480251244784846	0.000730803639590472	0.108448341914728	0.678646514563796	-0.587616613295201	0.000803124266190274	-0.484936322658019	0.000636595526119124	0.0674432990039523	0.797034351277385	-0.663546798029557	0.000127351916137976	0	0	0	0	0	0
g68||HOXD9	HOXD9	g68	-0.513347869258202	0.000263908172875043	0.44844207460896	0.0710081010015889	-0.660217301404214	9.73428226777744e-05	-0.434350909651557	0.00278781330335734	0.443627450980392	0.0761683611951501	-0.638423645320197	0.000267083171037191	0	0	0	0	0	0
g69||HOXD9	HOXD9	g69	-0.5343944430354	0.000130546546680444	-0.76529093127403	0.000343779909083037	-0.671384120553695	6.68891199157286e-05	-0.587121450220564	1.79508290951054e-05	-0.722360902758221	0.00105640713839151	-0.633990147783251	0.000302356444459163	0	0	0	0	0	0
g7||HOXD9	HOXD9	g7	-0.31064619701593	0.0356218713780151	0.0841277066799148	0.748198145252496	-0.555081013340341	0.0017755008997907	-0.267345050878816	0.0726896120594776	0.0294117647058824	0.913422521347557	-0.433004926108374	0.0198133090832048	0	0	0	0	0	0
g71||HOXD9	HOXD9	g71	-0.451373644147555	0.00164088742042954	0.0931604279479074	0.722119542961115	-0.56058942751944	0.00156114467097962	-0.509219858156028	0.000362450757870872	0.0955882352941177	0.715475623387515	-0.604926108374384	0.000652415560205677	0	0	0	0	0	0
g73||HOXD9	HOXD9	g73	-0.562541664082758	4.72063015777036e-05	-0.572938318924735	0.016216320163795	-0.706561804221321	1.83754497272562e-05	-0.5509096515572	9.50522037791741e-05	-0.443627450980392	0.0761683611951501	-0.710837438423645	2.5966675912987e-05	0	0	0	0	0	0
g74||HOXD9	HOXD9	g74	-0.493672581660836	0.000489545651491174	-0.0637989213393651	0.807803740853534	-0.646076693052706	0.000153230716066724	-0.408078939253777	0.00518545392750809	-0.0245098039215686	0.928437975261992	-0.624137931034483	0.000395698251481864	0	0	0	0	0	0
g75||HOXD9	HOXD9	g75	-0.396791340217306	0.00632994828745768	0.701508169132161	0.00169969862404467	-0.491979013429673	0.00671216839984737	-0.254656470201861	0.087651846788919	0.672393144185628	0.00310522922776323	-0.42807881773399	0.021382823764543	0	0	0	0	0	0
g76||HOXD9	HOXD9	g76	-0.528585954804187	0.00015927286153145	-0.211230685541323	0.415740880011055	-0.652651503088281	0.00012444484802151	-0.468393462843047	0.00116242083796108	-0.279411764705882	0.276432987525513	-0.638916256157635	0.000263396322937979	0	0	0	0	0	0
g78||HOXD9	HOXD9	g78	-0.560474915804305	5.10274024826272e-05	-0.490316804001002	0.0456985284311968	-0.731055886439654	6.66321448279122e-06	-0.608510638297872	1.12667317674006e-05	-0.357843137254902	0.158830702106608	-0.741871921182266	8.08667772948645e-06	0	0	0	0	0	0
g79||HOXD9	HOXD9	g79	-0.528631157590389	0.000159028742364848	-0.144528309378951	0.579965506938122	-0.674906420078435	5.92293012022657e-05	-0.486401480111008	0.000706786555840658	-0.0686274509803922	0.794738345989526	-0.625615763546798	0.000380262701682652	0	0	0	0	0	0
g80||HOXD9	HOXD9	g80	-0.619592230684305	4.40547211846044e-06	-0.484288825002038	0.0488436965704957	-0.797336860517642	2.24560980881816e-07	-0.597903176071539	1.71253046768093e-05	-0.492647058823529	0.0465658227587858	-0.756650246305419	4.68133936935059e-06	0	0	0	0	0	0
g81||HOXD9	HOXD9	g81	-0.539788981876178	0.000108173987957177	-0.365901066160488	0.148628995298915	-0.689366374244162	3.53292661098754e-05	-0.601683678475344	9.74425871167404e-06	-0.342121462220049	0.178901747320178	-0.710837438423645	2.5966675912987e-05	0	0	0	0	0	0
g82||HOXD9	HOXD9	g82	-0.569199117287691	3.66071701728033e-05	0.589706757034311	0.0127204408240829	-0.718998423939075	1.11230201510738e-05	-0.461068796666838	0.00126047633892398	0.510116588829894	0.036433988135616	-0.715270935960591	2.2070856448171e-05	0	0	0	0	0	0
g83||HOXD9	HOXD9	g83	-0.503574495417526	0.000360389003286293	-0.541300617308342	0.0248314026598132	-0.621486902297176	0.000320184587044691	-0.522618644054947	0.000194654106652694	-0.465971884027307	0.0594012357985764	-0.621182266009852	0.000428223507481556	0	0	0	0	0	0
g84||HOXD9	HOXD9	g84	-0.449471132444856	0.00172650286584316	-0.283571281993877	0.270038442499116	-0.565878736824628	0.00137681741108162	-0.391057662658033	0.00757111608582655	-0.242647058823529	0.346655298935632	-0.521182266009852	0.00421846853611118	0	0	0	0	0	0
g85||HOXD9	HOXD9	g85	-0.403963062628342	0.00536674516798014	-0.464653971246954	0.0602212775021718	-0.515067223777405	0.00424725502361447	-0.471799932383803	0.000932806897898446	-0.375229990821989	0.13777400793496	-0.53448275862069	0.00322977329000901	0	0	0	0	0	0
g86||HOXD9	HOXD9	g86	-0.509546878758137	0.000298238950867818	-0.386163042097228	0.125764257590132	-0.655463278117071	0.000113677312971658	-0.487279904021494	0.000593690641562693	-0.359288847421055	0.156667821568728	-0.611822660098522	0.000547176397491073	0	0	0	0	0	0
g87||HOXD9	HOXD9	g87	-0.592047615838423	1.46476177633391e-05	-0.0951825497099219	0.716319740766091	-0.751429668263828	2.62910578174083e-06	-0.559560887126568	5.28058096423908e-05	-0.0196198688011498	0.940421886946734	-0.772413793103448	2.79343364837017e-06	0	0	0	0	0	0
g88||HOXD9	HOXD9	g88	-0.426426523487667	0.00312576228508687	-0.305251942087975	0.23348860462238	-0.547577147642333	0.00210824912893632	-0.471600370027752	0.00106580812493567	-0.276960784313726	0.280812275841214	-0.574384236453202	0.00136044661942443	0	0	0	0	0	0
g89||HOXD9	HOXD9	g89	-0.5255150631888	0.000176676406201252	0.398144035725743	0.113464057834398	-0.665062246946043	8.28763409304711e-05	-0.377378272713267	0.00972540676302939	0.375229990821989	0.13777400793496	-0.562068965517241	0.00179576146622074	0	0	0	0	0	0
g90||HOXD9	HOXD9	g90	-0.516405493540259	0.000238931704728449	0.317961128445202	0.213602933758093	-0.660454316000114	9.65860791782129e-05	-0.552759790317607	8.92302527637064e-05	0.17156862745098	0.508985124069811	-0.69064039408867	5.29265551850479e-05	0	0	0	0	0	0
g91||HOXD9	HOXD9	g91	-0.525226585438485	0.000178396847232322	-0.675062067894742	0.00294625118837755	-0.678570292049648	5.21009046134609e-05	-0.626641998149861	5.36715364642568e-06	-0.647058823529412	0.00614734732860805	-0.711330049261084	2.5504492022323e-05	0	0	0	0	0	0
g92||HOXD9	HOXD9	g92	-0.479567805574105	0.000745543703099342	0.0935108278684994	0.721113498706781	-0.607522241754606	0.000473715820487907	-0.4527289546716	0.00175653694632502	0.134803921568627	0.605275068982401	-0.642857142857143	0.000235473414383737	0	0	0	0	0	0
g93||HOXD9	HOXD9	g93	-0.427744487879083	0.00302473204049722	0.881708077262533	2.88788527270417e-06	-0.531816894978295	0.00298624271614197	-0.351537204521265	0.0165912642290544	0.916002624653679	2.45439283599313e-07	-0.523645320197044	0.00401789737365546	0	0	0	0	0	0
g94||HOXD9	HOXD9	g94	-0.429100599602981	0.0029237891560684	0.675319864645137	0.00293125326260311	-0.556509427184351	0.0017176028660056	-0.23990872378732	0.108293302700396	0.778663543045631	0.000230959463140996	-0.525123152709359	0.00390153762996348	0	0	0	0	0	0
g95||HOXD9	HOXD9	g95	-0.455988833263805	0.00144866646084022	-0.717165291852611	0.00119380902048052	-0.580767220885167	0.000955657427053647	-0.522001912117191	0.000198689925322115	-0.750459981643978	0.000519279820932217	-0.579310344827586	0.00121395554753201	0	0	0	0	0	0
g96||HOXD9	HOXD9	g96	-0.528605220943433	0.00015916877252356	0.0828771203770564	0.751829878696038	-0.680078474741904	4.93963361889585e-05	-0.546345975948196	0.000110929815450027	0.112745098039216	0.666424281058544	-0.704433497536946	3.27146597540487e-05	0	0	0	0	0	0
g97||HOXD9	HOXD9	g97	-0.390061176912274	0.00736700308053682	0.015982523922989	0.951453511875407	-0.491666982397954	0.00675238946628596	-0.450508788159112	0.00185969016728429	0.00980392156862745	0.973606611131262	-0.557635467980296	0.00197968120826639	0	0	0	0	0	0
g98||HOXD9	HOXD9	g98	-0.496248792501393	0.000452450720316208	-0.00502375917409848	0.98473285440247	-0.630096924756901	0.0002491298580028	-0.471477027443725	0.00106938649184675	-0.0220588235294118	0.935954896104467	-0.636453201970443	0.000282287325969518	0	0	0	0	0	0
g99||HOXD9	HOXD9	g99	-0.387913542691123	0.0077275011338434	-0.478120857834997	0.0522274096962165	-0.47431068777458	0.00933522030146964	-0.354671600370028	0.0160423304073607	-0.392156862745098	0.1204805990373	-0.397536945812808	0.0335815270118217	0	0	0	0	0	0
g10||HOXD9	HOXD9	g10	-0.292155039965327	0.0488178570707048	-0.0336246635326166	0.898059318393144	-0.458751675598721	0.0123126598466179	-0.249337033610854	0.0947695681881283	0.0416666666666667	0.876019904250763	-0.410344827586207	0.0279118912152533	0	0	0	0	0	0
g100||HOXD9	HOXD9	g100	-0.262704235255471	0.077759186280338	-0.601754021245636	0.0105996030311112	-0.31478167863575	0.0962778100187328	-0.375023126734505	0.0106414061347728	-0.678921568627451	0.00356128940262481	-0.358620689655172	0.0567897407461308	0	0	0	0	0	0
g120||HOXD9	HOXD9	g120	-0.468684843437489	0.00101901668807373	-0.216575819391742	0.403759729509153	-0.595007114416279	0.000662827132479261	-0.542415739256935	9.85970238663941e-05	-0.34947891302048	0.169129852297399	-0.686206896551724	6.14738185259505e-05	0	0	0	0	0	0
g121||HOXD9	HOXD9	g121	-0.334961924556773	0.0228774178675192	0.105814730975668	0.686071858023322	-0.413074768777875	0.0259369274886523	-0.256244218316374	0.085752421441999	0.110294117647059	0.673356612256124	-0.487684729064039	0.00792804787565578	0	0	0	0	0	0
g158||HOXD9	HOXD9	g158	-0.354596847590434	0.0156080265234546	-0.250545608826633	0.332081114371098	-0.438180612129529	0.0174296103945673	-0.330815011412643	0.0247301813000733	-0.201103655211785	0.438947379491897	-0.44384236453202	0.0166955218396545	0	0	0	0	0	0
g164||HOXD9	HOXD9	g164	-0.356424438670448	0.0150446687589791	-0.167084648147095	0.521545889647608	-0.44586257259798	0.0153446863386408	-0.285599753314832	0.0547006181757463	-0.16421568627451	0.527629821588741	-0.452709359605911	0.0144601046867244	0	0	0	0	0	0
g178||HOXD9	HOXD9	g178	-0.364216192871315	0.0128327141291413	0.512440109250219	0.0354487447902174	-0.473556474532629	0.00946406863800888	-0.227752081406105	0.127760199380631	0.522058823529412	0.0336544884831811	-0.458620689655172	0.0131140443791744	0	0	0	0	0	0
g18||HOXD9	HOXD9	g18	-0.425627880022046	0.0031884176359674	-0.434377717246066	0.0814599587529748	-0.534680259896974	0.00280666673215085	-0.532531606537157	0.000174910407721372	-0.482843137254902	0.0516242780618008	-0.585221674876847	0.00105644728642282	0	0	0	0	0	0
g186||HOXD9	HOXD9	g186	-0.339260186675501	0.0210813171248961	0.414243431154372	0.098306382706288	-0.441895022990121	0.0163940295653496	-0.313598519888992	0.0342711301247431	0.357843137254902	0.158830702106608	-0.485221674876847	0.00828613376965921	0	0	0	0	0	0
g197||HOXD9	HOXD9	g197	-0.440844032166178	0.00216652289543607	0.252654983184739	0.327890271516399	-0.546688680610843	0.00215100317496628	-0.485538082022818	0.000724268487725822	0.308823529411765	0.227250600711351	-0.616748768472906	0.000481398461307357	0	0	0	0	0	0
g20||HOXD9	HOXD9	g20	-0.381291558663694	0.00893675305505026	-0.826040973931497	4.39635548768784e-05	-0.473069004228717	0.00954813989417028	-0.492198581560284	0.000598918707928536	-0.811274509803922	0.000102736624860147	-0.495566502463054	0.00686930803420592	0	0	0	0	0	0
g33||HOXD9	HOXD9	g33	-0.434889507102319	0.00252548211083381	-0.308498112311407	0.228301549031122	-0.557089936258925	0.00169454481139166	-0.387357385137219	0.00820105104186013	-0.325980392156863	0.201408201610333	-0.541871921182266	0.00277233165289751	0	0	0	0	0	0
g39||HOXD9	HOXD9	g39	-0.405105025137809	0.00522580579906773	-0.38102412903936	0.131314635753588	-0.506166745673058	0.00508555660179756	-0.428430465618255	0.00321909020635547	-0.357843137254902	0.158830702106608	-0.504433497536946	0.00582475922311199	0	0	0	0	0	0
g48||HOXD9	HOXD9	g48	-0.284702266667908	0.0551491636650802	0.431084116468101	0.0840608842640724	-0.357894830824797	0.0566201549264355	-0.141535615171138	0.346953489668756	0.424019607843137	0.0913056672250783	-0.323645320197044	0.0871627335682933	0	0	0	0	0	0
g58||HOXD9	HOXD9	g58	-0.338440720265963	0.0214142831056701	0.627313668386546	0.00702750252618205	-0.458249943734137	0.0124205247391618	-0.186684757558924	0.214137748824435	0.570202437033415	0.0168520141212493	-0.398029556650246	0.0333473175347476	0	0	0	0	0	0
g70||HOXD9	HOXD9	g70	-0.397006067061811	0.00629906351944612	0.274710884850056	0.28593127319927	-0.52158689033351	0.00371085027875068	-0.326056120875732	0.0274818736184896	0.274509803921569	0.28523485458125	-0.516256157635468	0.00464555522872988	0	0	0	0	0	0
g72||HOXD9	HOXD9	g72	-0.358542060281431	0.0144136184412982	0.562798205657195	0.0186708257961775	-0.437147297352772	0.017727121544102	-0.236632747456059	0.113267217218523	0.514705882352941	0.0365822149087712	-0.352709359605911	0.0612261281192563	0	0	0	0	0	0
g77||HOXD9	HOXD9	g77	-0.439939824535264	0.00221794282480889	0.231893875839096	0.370470809509985	-0.555580835411676	0.00175505222149596	-0.419303114400247	0.00399987146257772	0.200980392156863	0.437747732973481	-0.535960591133005	0.00313340812975436	0	0	0	0	0	0
g8||HOXD9	HOXD9	g8	-0.282823825721966	0.056844974326587	0.0206500012279699	0.937299398017889	-0.463317636163624	0.0113665030221301	-0.327536231884058	0.0267560135719327	-0.00490196078431373	0.988686983859535	-0.522167487684729	0.00413723053405293	0	0	0	0	0	0
g11||HOXD9	HOXD9	g11	-0.322643216074102	0.0287494331881714	0.0634958174384062	0.808700933018815	-0.544304260712108	0.00226946606882696	-0.340980573543016	0.0208697823008972	0.071078431372549	0.78743778557168	-0.538916256157635	0.00294809892896657	0	0	0	0	0	0
g140||HOXD9	HOXD9	g140	-0.378390087906493	0.0095159624816402	0.485208002839466	0.0483538926091565	-0.462161176798437	0.0116001904839324	-0.282639531298181	0.0573435284575459	0.352941176470588	0.164932926121232	-0.455172413793103	0.0138857865610461	0	0	0	0	0	0
g40||HOXD9	HOXD9	g40	-0.337756111222699	0.0216958323423187	0.11149154171732	0.670101070405856	-0.415988308559265	0.0248032440294764	-0.337105677177761	0.0219662013990792	0.132434114407761	0.612372687512606	-0.421674876847291	0.0235761823395462	0	0	0	0	0	0
g43||HOXD9	HOXD9	g43	-0.423722404841876	0.00334238805239543	-0.603138697037622	0.0103750754773863	-0.52384229665728	0.00353933257972102	-0.526241134751773	0.000213941865685677	-0.66421568627451	0.00461600635678531	-0.536945812807882	0.00307055222204044	0	0	0	0	0	0
g751||HOXD9	HOXD9	g751	-0.428886865452165	0.00293949887712928	0.201429563082657	0.438190344914931	-0.528929426057044	0.00317724521476817	-0.323219241443108	0.0289193285204508	0.25	0.331836784834429	-0.499014778325123	0.00644553442807144	0	0	0	0	0	0
g123||HOXD9	HOXD9	g123	-0.404457004287643	0.00530538216664247	0.386184645718848	0.125741275504853	-0.516601606853531	0.00411539381525005	-0.448288621646623	0.00196820796938705	0.455882352941177	0.0677143311960762	-0.633990147783251	0.000302356444459163	0	0	0	0	0	0
g14||HOXD9	HOXD9	g14	-0.338212390794754	0.0215078415514076	-0.0497815668789184	0.849515176293543	-0.517543310137131	0.0040362123605629	-0.339377119950663	0.0215083873100694	-0.0318627450980392	0.905925223934364	-0.485714285714286	0.00821343677124031	0	0	0	0	0	0
g24||HOXD9	HOXD9	g24	-0.252647659767632	0.0902677953352585	0.171635783738296	0.510098250124888	-0.326254757116388	0.08411825647603	-0.258711069996916	0.08270078592175	0.279411764705882	0.276432987525513	-0.32807881773399	0.082735111796882	0	0	0	0	0	0
g604||HOXD9	HOXD9	g604	-0.288971053012531	0.0514465908429093	-0.22945721949754	0.375661100464069	-0.320993890736952	0.0895394078866454	-0.261794634597595	0.0790074599512311	-0.186274509803922	0.472681904168265	-0.342364532019704	0.0696455151580143	0	0	0	0	0	0
g627||HOXD9	HOXD9	g627	-0.259085355636896	0.0820931078883455	0.329964235953437	0.195858622637325	-0.334732142155775	0.0759142765346555	-0.275485661424607	0.0641585826411962	0.259803921568627	0.312678606386675	-0.288177339901478	0.129441559355701	0	0	0	0	0	0
g9||HOXD9	HOXD9	g9	-0.366684333023144	0.0121927301828863	0.000621658535572253	0.998110685226844	-0.62048949854129	0.000329471893206894	-0.38168362627197	0.0092554230205127	0.0196078431372549	0.943477120118785	-0.639901477832512	0.000256156361789154	0	0	0	0	0	0
g1078||HOXD9	HOXD9	g1078	-0.423727999069306	0.00334192661695545	-0.570446240826797	0.0167945840858894	-0.346710816857398	0.0653885419740509	-0.387357385137219	0.00820105104186013	-0.544117647058824	0.0259558515382696	-0.241379310344828	0.20634386544083	0	0	0	0	0	0
g1156||HOXD9	HOXD9	g1156	-0.0925040489058455	0.540908286684904	0.0048019349486341	0.985406906726529	-0.141583581138499	0.463792861293008	-0.0946654332408264	0.530258011644352	0.0294117647058824	0.913422521347557	-0.129064039408867	0.503007282580464	0	0	0	0	0	0
g1169||HOXD9	HOXD9	g1169	-0.233907334229809	0.117683851363626	-0.0200166205313097	0.939219172238707	-0.346581117113817	0.0654960809483943	-0.325932778291705	0.0275431006566482	-0.0735294117647059	0.780154518375691	-0.460098522167488	0.0127945291434434	0	0	0	0	0	0
g1173||HOXD9	HOXD9	g1173	-0.3695368171809	0.0114872773291053	-0.244522259298442	0.344217619666805	-0.472813805449274	0.00959240230401832	-0.483441258094357	0.000768356445203104	-0.316176470588235	0.215920867018769	-0.548275862068965	0.0024222958578034	0	0	0	0	0	0
g1177||HOXD9	HOXD9	g1177	-0.196879888677437	0.189710978294931	-0.012701990839097	0.961410178004454	-0.226244523916938	0.237940388647323	-0.284366327474561	0.0557895575732323	0.0588235294117647	0.824102033724561	-0.309852216748768	0.102112095698541	0	0	0	0	0	0
g1178||HOXD9	HOXD9	g1178	-0.128090375689136	0.396245770446598	-0.0827198177728902	0.752287039845781	-0.154820171996417	0.422604433080723	-0.206167129201357	0.168790526584487	-0.0220588235294118	0.935954896104467	-0.195073891625616	0.309126461862618	0	0	0	0	0	0
g1180||HOXD9	HOXD9	g1180	-0.119665682176974	0.428285682397666	-0.287508715553585	0.263153841601269	-0.14459410063361	0.45424429470738	-0.27277212457601	0.0669079469184608	-0.379901960784314	0.133318328937149	-0.281773399014778	0.138471492060369	0	0	0	0	0	0
g1184||HOXD9	HOXD9	g1184	-0.201875788912477	0.178493844147363	0.325461398157131	0.202397816006054	-0.262944571243979	0.168170539727406	-0.221461609620722	0.138846653826195	0.455882352941177	0.0677143311960762	-0.331527093596059	0.0794135150817589	0	0	0	0	0	0
g1186||HOXD9	HOXD9	g1186	-0.292500364419979	0.0485394190946222	0.371828142852542	0.141666898838171	-0.362763025128051	0.0531044894976679	-0.21850138760407	0.144306861443037	0.379901960784314	0.133318328937149	-0.336453201970443	0.0748493021032368	0	0	0	0	0	0
g1203||HOXD9	HOXD9	g1203	-0.0970247456250234	0.521223870675288	0.137546416695152	0.59858632544118	-0.110574708422632	0.567982028769042	-0.152883132901634	0.309344879977401	0.174019607843137	0.502842203479041	-0.174384236453202	0.364018027477828	0	0	0	0	0	0
g1223||HOXD9	HOXD9	g1223	-0.169776060914323	0.259319734976045	-0.103794177546799	0.691787222204849	-0.210275566172393	0.273579369239821	-0.229355534998458	0.125044512068477	-0.178921568627451	0.490666292162011	-0.274384236453202	0.149458054553039	0	0	0	0	0	0
g1231||HOXD9	HOXD9	g1231	-0.0269969828351819	0.858647795459589	-0.0619364057052673	0.813320356090242	-0.0203016097638202	0.916749530419773	-0.0944187480727721	0.531334491209584	0.053921568627451	0.838872605878498	-0.15320197044335	0.425870217827837	0	0	0	0	0	0
g1278||HOXD9	HOXD9	g1278	-0.233761541941686	0.117919412379899	-0.342345489094101	0.178598775787291	-0.289830261762744	0.12723980097992	-0.249830403946963	0.0941019061500891	-0.360294117647059	0.155839438178497	-0.280788177339901	0.139900923170982	0	0	0	0	0	0
g1297||HOXD9	HOXD9	g1297	-0.08516210933316	0.573621706962946	0.207779082059107	0.423576376926767	-0.103056372127169	0.594737305392404	-0.172617946345976	0.250438334033137	0.25	0.331836784834429	-0.251231527093596	0.187986862993976	0	0	0	0	0	0
g1300||HOXD9	HOXD9	g1300	-0.192871346442319	0.199067018597834	-0.320605220126651	0.209608004830057	-0.234594979884787	0.220595898470512	-0.387480727721246	0.00817934105570565	-0.301470588235294	0.23896488058254	-0.392118226600985	0.036247557654588	0	0	0	0	0	0
g1332||HOXD9	HOXD9	g1332	-0.171916335130022	0.253273248961076	0.30767874404104	0.229603821883845	-0.208368019298848	0.278054930736101	-0.212950971322849	0.154974212428263	0.262254901960784	0.30799665612885	-0.306896551724138	0.105555349001343	0	0	0	0	0	0
g1341||HOXD9	HOXD9	g1341	-0.0674071120161021	0.656245780881625	-0.184518593872598	0.478346426890439	-0.0657223817228111	0.734817554239339	-0.174961455442492	0.243988349719793	-0.232843137254902	0.367008292811231	-0.163546798029557	0.394960560765359	0	0	0	0	0	0
g1344||HOXD9	HOXD9	g1344	-0.18413984334773	0.220562068752831	-0.15075770213016	0.563560527730243	-0.232316583827193	0.225240961507976	-0.282886216466235	0.057119411605545	-0.225490196078431	0.38271501317929	-0.355172413793103	0.0593454360638324	0	0	0	0	0	0
g1546||HOXD9	HOXD9	g1546	-0.246006505060945	0.0993494836539532	-0.108549518816867	0.678361802667329	-0.399309451879501	0.0318782657641603	-0.229602220166512	0.1246306329484	-0.0220588235294118	0.935954896104467	-0.361083743842364	0.0550184117695391	0	0	0	0	0	0
g179||HOXD9	HOXD9	g179	-0.354936983921699	0.0155018428019152	-0.396882649693524	0.114717410677808	-0.427048214872429	0.0208618822304961	-0.492938637064446	0.000586275226609903	-0.370098039215686	0.144268639688663	-0.506896551724138	0.00555996162709357	0	0	0	0	0	0
g198||HOXD9	HOXD9	g198	-0.199321462643891	0.1841679349103	0.278264756164082	0.279490165151143	-0.240913638437167	0.208054338753603	-0.191736046870182	0.201133668156891	0.247549019607843	0.336733582694643	-0.213793103448276	0.264248130384881	0	0	0	0	0	0
g619||HOXD9	HOXD9	g619	-0.327406722400953	0.0263453762145174	-0.125739996220031	0.630611710396549	-0.418834940489512	0.0237349947739872	-0.391921060746223	0.00743034706748922	-0.16421568627451	0.527629821588741	-0.466502463054187	0.0114846636618082	0	0	0	0	0	0
